-1.737500658618462879e+01
-1.846534700069238255e+01
-1.880887601247082230e+01
-1.888780003573692667e+01
-1.675212706549912767e+01
-1.595319091722370608e+01
-1.382601328114057537e+01
-1.363951335048341384e+01
-1.397846684989181298e+01
-1.337360264335887905e+01
-6.233854611416500546e+00
2.630740108367508157e+00
2.384015023765722940e+00
1.446248844341328832e+00
3.195118698840406779e-01
3.528004895181361178e+00
4.548826934007456302e+00
3.994007420224711780e+00
4.460128932979035454e+00
6.611136831664376601e+00
8.221734484383299346e+00
8.536649180659754421e+00
8.617438378292183287e+00
1.623030070355482479e+01
1.487295406591764468e+01
1.362074467523438415e+01
1.246061273505681299e+01
1.138339145336169977e+01
1.890440211746253496e+01
1.841473263262516369e+01
1.717970388802283921e+01
1.865980981350662304e+01
1.809242332451592006e+01
1.977768262989819448e+01
1.865888499472920259e+01
1.973955687102514744e+01
1.932764457394792501e+01
1.866200187698490964e+01
1.902993848400841159e+01
2.214096883827332363e+01
2.322880431107387267e+01
2.290900219296635498e+01
2.338525219663761590e+01
2.250392196107705800e+01
2.229960831922102926e+01
2.228201541488256865e+01
2.252166920908735293e+01
2.380976447195024193e+01
2.302828522769470254e+01
2.640802873957518315e+01
2.554319239368564709e+01
3.133571565353324573e+01
3.558787307230610253e+01
3.952878400007574555e+01
4.284840624194861647e+01
4.349875524297657137e+01
4.447904192794648992e+01
4.814741900512564854e+01
5.101975257631131910e+01
5.430151467601664450e+01
5.749648628782647819e+01
6.031662479495261664e+01
6.061840505439942461e+01
6.130393332727835798e+01
6.430461022302488061e+01
6.437831035396342827e+01
6.538892899655667179e+01
6.647263588648716848e+01
6.533577897354325614e+01
6.420115352836866407e+01
6.303519165627078280e+01
6.189979008111837544e+01
6.079230830731966506e+01
6.026899114646273858e+01
5.920257458470171485e+01
5.887243919726677888e+01
5.860496025614624216e+01
5.813470800083344869e+01
5.751276376173256466e+01
5.844259219949933737e+01
5.751025640049790155e+01
5.656858336123010389e+01
5.603850862307276515e+01
5.516944688310055511e+01
5.428862846053974067e+01
5.343870486657343122e+01
5.319349260332253948e+01
5.327160265724661059e+01
5.281882889308465678e+01
5.201376278743700965e+01
5.124642575611832740e+01
5.077583056019470575e+01
5.046619518541992022e+01
5.016055875896272909e+01
5.045919887430988382e+01
4.985424483643074467e+01
5.147064759316981508e+01
5.101293238761250848e+01
5.068265855617358540e+01
5.036833498322278757e+01
4.968083570058759335e+01
4.900091310360655683e+01
4.834175494640481219e+01
4.773607800556669645e+01
4.721475374054598007e+01
4.694288746795503897e+01
4.679232747472926235e+01
4.676497361120712526e+01
4.661388175614708729e+01
4.656060273798062354e+01
4.596447264687171241e+01
4.693806067185499131e+01
4.677342523782721884e+01
4.674759981598916880e+01
4.654438269012733542e+01
4.628174052885137968e+01
4.610052213141760546e+01
4.601888382225222074e+01
4.547199931996061650e+01
4.492884336137899481e+01
4.556572734879394204e+01
4.503233021965269245e+01
4.495775842432041003e+01
4.443504315200231503e+01
4.448178985475895786e+01
4.421807208449794047e+01
4.371326617581794238e+01
4.323348008573566403e+01
4.274512905383219419e+01
4.231776077690547311e+01
4.184309996042242830e+01
4.144659429140325102e+01
4.131353347996511616e+01
4.135003089589505265e+01
4.143041222526183986e+01
4.126192001180385205e+01
4.107971349477218581e+01
4.093581521825678493e+01
4.096495294672117637e+01
4.123240378885355994e+01
4.082111121153597111e+01
4.048157282499770560e+01
4.006132757261123345e+01
3.965575007995284551e+01
3.924701694876716829e+01
3.903552478435776862e+01
3.895851570898667404e+01
4.061706277095133544e+01
4.022760682452427261e+01
3.983083958068090880e+01
4.021299771566160075e+01
4.057378250285749033e+01
4.102455158879442365e+01
4.082790172643644411e+01
4.078698478867676869e+01
4.130568952078466793e+01
4.148202236853358471e+01
4.109514876781724269e+01
4.134171333484717081e+01
4.121848901612156624e+01
4.117981715221355898e+01
4.082395749366007465e+01
4.049442685389762175e+01
4.052098539687761303e+01
4.016846317355161489e+01
4.086858468026483138e+01
4.051872127594404560e+01
4.017269565350358107e+01
3.981882367343777673e+01
4.145395021630063326e+01
4.109628270866233635e+01
4.086353916279629317e+01
4.051404520723221481e+01
4.020379800361858003e+01
4.009495019122064718e+01
3.979620279074141109e+01
3.972433706178475887e+01
3.939087023604770366e+01
3.922447016869188019e+01
3.917794871034377024e+01
3.984982581901369514e+01
3.953371960244317762e+01
3.921406510165945036e+01
3.920038020376887289e+01
3.888195988810021220e+01
4.014204032886116380e+01
3.982255506991126026e+01
3.951668454900538308e+01
3.921758475185523452e+01
3.920346698218614279e+01
3.899530614578668519e+01
3.930861546358648440e+01
4.059789477652881118e+01
4.029748711799867777e+01
3.999005824950285870e+01
3.971684124445475561e+01
3.943099867496798794e+01
3.913427434462712284e+01
3.896805717213732123e+01
3.871293393981072484e+01
3.844087992042918245e+01
3.829660516110649837e+01
3.874935913151585254e+01
3.846281071409170238e+01
3.819025403620245385e+01
3.881366706235127850e+01
3.888286898821518633e+01
3.860159152024004214e+01
3.889981965126776231e+01
3.861976954895965264e+01
3.835459210510050099e+01
3.820812339277469505e+01
3.794892582028047912e+01
3.770185191835762595e+01
3.782082117578905667e+01
3.755478162679587939e+01
3.820672894573685596e+01
3.795053389045125414e+01
3.769812978858171704e+01
3.743866624437553270e+01
3.718915226355830583e+01
3.694083737430216985e+01
3.668706260959326215e+01
3.645510333595800745e+01
3.621619851457533912e+01
3.597742451215737702e+01
3.574092669132329547e+01
3.550648327096440227e+01
3.532517213955357249e+01
3.508590873109459096e+01
3.491882641143482857e+01
3.472244072586807562e+01
3.452239543377319819e+01
3.431939813976481446e+01
3.426219188653018222e+01
3.417548989929348835e+01
3.461824791911175225e+01
3.447867269647205291e+01
3.436979337030539483e+01
3.419064580638805495e+01
3.399340322817871396e+01
3.391673657207956438e+01
3.388967581982465305e+01
3.367125616133554900e+01
3.365857047523473256e+01
3.349191303740044390e+01
3.350785831393811520e+01
3.331077073663892918e+01
3.314028060266501541e+01
3.297906146894478496e+01
3.278642401011130403e+01
3.257814142721914408e+01
3.247156080594291439e+01
3.238219709802542212e+01
3.234621580628089532e+01
3.219721081646428473e+01
3.235870529117357108e+01
3.230376692079737211e+01
3.214894052935164126e+01
3.195728384209559536e+01
3.177446609862112226e+01
3.161340387748539627e+01
3.143846296872186485e+01
3.128132817577535718e+01
3.110529272451353933e+01
3.092572703618296259e+01
3.090381110012713251e+01
3.080002921886932654e+01
3.061224215889802736e+01
3.061380025119476400e+01
3.047100302994821064e+01
3.029408071029189742e+01
3.025744924463608498e+01
3.014016208334738423e+01
2.997851006454922285e+01
2.982525377425322333e+01
3.000299650510342531e+01
3.016733680804906115e+01
3.019306032439052601e+01
3.002467157207660620e+01
2.985976907707070538e+01
2.979083742189086337e+01
2.961522265598365067e+01
2.945091342478417573e+01
2.931292868031855292e+01
2.916897302299735628e+01
2.919777106564330893e+01
2.903605450493240880e+01
2.887436394668619499e+01
2.873818881313241391e+01
2.858200506961044596e+01
2.878147815625524331e+01
2.863880414634953908e+01
2.852168205747548768e+01
2.839815477372435382e+01
2.828346898609985871e+01
2.813768353397385624e+01
2.799956931136352978e+01
2.787160421544682976e+01
2.774251513432738037e+01
