4.319912706425763638e+00
2.753899829642417085e+00
-1.016164897235206227e-01
-7.621236729264047050e-02
-3.933140103794467990e+00
-3.277616753162056806e+00
-5.574247480932039700e+00
-4.877466545815535071e+00
-5.525832477611746896e+00
-4.292885814658608190e+00
-2.721620384245748703e+00
2.514392004903201472e-01
2.320977235295263175e-01
2.155193147059887016e-01
5.288714403642944539e-01
4.958169753415262448e-01
-1.570550537630574228e-01
-1.483297729984431046e-01
-1.405229428406303271e-01
-1.334967956985987914e-01
1.861340814597768900e-01
2.265001540773305511e+00
2.037006232889420065e+00
2.521546033784839214e+00
2.992364778906700717e+00
2.467186953347408895e+00
2.375809658778986755e+00
1.658846846931469221e+00
1.743324969283171377e+00
1.685214136973732346e+00
4.113562109503148712e+00
3.985013293581176619e+00
3.336848122924800819e+00
3.238705531074071331e+00
4.291452188212764085e+00
4.958787826831309253e+00
5.067664808447895020e+00
5.793313717647682104e+00
5.644767212066972739e+00
6.271230668412793641e+00
6.801287363650357243e+00
6.639351950230111044e+00
6.484948416503828916e+00
7.223451390164964181e+00
8.582621607913322848e+00
8.396042877306511443e+00
8.217403667151053526e+00
8.913576665498942120e+00
9.587625038838639924e+00
1.002473211827039634e+01
9.828168743402349250e+00
1.059807202638344137e+01
1.249634463612731494e+01
1.375868561402933032e+01
1.362896997981178515e+01
1.338559551588657826e+01
1.477409641009814933e+01
1.470339892146651017e+01
1.445418877025521454e+01
1.391058205398405256e+01
1.498423183565476968e+01
1.569018717019641151e+01
1.544113658019329449e+01
1.603831992536035145e+01
1.579157654189326898e+01
1.555231023065246276e+01
1.635936188009200265e+01
1.739811141126108041e+01
1.842765459604602185e+01
1.956517145886213171e+01
1.989415555616097464e+01
1.934409738383734023e+01
1.907910974844230978e+01
1.935122356104871599e+01
1.909320724690140025e+01
1.859040235584071610e+01
1.834896855901161672e+01
1.907709564478374986e+01
1.970359361622603345e+01
1.945729869602320861e+01
1.921708513187477152e+01
1.969123267228196994e+01
2.016398010005555363e+01
1.992393271791203446e+01
2.029429095737609856e+01
2.093650923810007924e+01
2.186464746261368219e+01
2.149408556694567096e+01
2.125257898754178854e+01
2.155845926034972493e+01
2.218956789859015899e+01
2.194837694317070032e+01
2.171237289001832593e+01
2.148139019969898200e+01
2.125527030286004404e+01
2.103386123720525447e+01
2.169778774925325138e+01
2.227725321367525169e+01
2.347543232159360826e+01
2.410585015105627349e+01
2.467529506226714275e+01
2.517799674911838892e+01
2.552570114979820914e+01
2.528026171566553160e+01
2.558957649257365929e+01
2.534816539358711651e+01
2.498240554581703421e+01
2.475108697594835760e+01
2.520290229092675816e+01
2.570787245822438294e+01
2.547627000364578720e+01
2.524880330718466226e+01
2.502536256995293940e+01
2.480584184565510597e+01
2.459013887308419299e+01
2.455777062332175475e+01
2.417951434184775650e+01
2.380771592948640603e+01
2.348479813951653128e+01
2.313268492988423475e+01
2.359258098215975252e+01
2.334581371313109344e+01
2.356195717427089420e+01
2.321308396114724459e+01
2.286979701466674086e+01
2.268829068915351144e+01
2.250964273097120127e+01
2.278398080418202198e+01
2.260736079794805775e+01
2.233353262516288851e+01
2.216304764329141719e+01
2.230576239327232457e+01
2.268813069417751294e+01
2.242537235408786600e+01
2.225925848479832680e+01
2.209558746652774985e+01
2.193430580618813153e+01
2.177536156121575317e+01
2.161870428379693720e+01
2.180701308816134087e+01
2.158948820876571517e+01
2.143744955940820773e+01
2.157085042439237910e+01
2.142105285200076636e+01
2.132747857281981751e+01
2.105277975422840342e+01
2.078050867226770393e+01
2.064009982988751446e+01
2.045874795785884714e+01
2.091917134299194458e+01
2.068885355270409221e+01
2.055274267406787914e+01
2.029569325740742514e+01
2.003849499727606087e+01
1.984895470046235033e+01
1.973322271585223930e+01
1.968928199037699400e+01
1.956466628157713927e+01
1.944161806596973463e+01
1.945237538610276573e+01
1.949741558695397003e+01
1.954196218479482638e+01
1.936567398324501710e+01
1.924759060529839871e+01
2.024936428606398309e+01
2.052302973023084220e+01
2.052563751404257530e+01
2.040346110026851534e+01
2.016796278474507531e+01
1.998631980950484532e+01
2.015620395851316360e+01
2.003901672619622687e+01
1.992318425957081374e+01
2.011364565157720463e+01
2.027664737117625293e+01
2.016143914747638988e+01
2.014452560847077933e+01
2.003135411628835882e+01
2.012886617498551800e+01
2.001703914068004053e+01
1.980866421819173340e+01
1.971400957374626373e+01
1.986657529790882393e+01
1.994263219085345895e+01
1.978501638540168983e+01
1.967864532956619783e+01
1.966105422957206983e+01
1.949990433797724876e+01
1.979495906374746994e+01
1.980212601658766758e+01
1.991145079337374568e+01
1.974258823840927235e+01
1.958892316684092094e+01
1.982137475358942069e+01
1.971972667792999090e+01
1.956408224740174617e+01
1.977195902341804157e+01
1.967210064451188956e+01
1.966324660592694684e+01
1.948092607178566027e+01
1.933214593836816420e+01
1.923139785349169273e+01
1.905834199211654223e+01
1.896671362037212205e+01
1.879523679208593379e+01
1.910257039123596456e+01
1.900387173527362350e+01
1.907179289464214378e+01
1.905368371672525640e+01
1.890624409121420157e+01
1.873922666081831423e+01
1.865083408222955086e+01
1.860020053814418617e+01
1.851328371319958421e+01
1.836006959029773711e+01
1.827506926812043275e+01
1.813362967998316222e+01
1.796009135601720885e+01
1.812623367469657154e+01
1.805283346917438436e+01
1.788606945033817652e+01
1.771946821731705768e+01
1.764000871858469210e+01
1.748264503145118098e+01
1.752896191131301862e+01
1.745140013294437509e+01
1.749072854051229697e+01
1.741401481884338054e+01
1.759091780312970954e+01
1.748972323623089054e+01
1.741401014862815799e+01
1.725538427611303050e+01
1.710065448466104243e+01
1.722443419587725799e+01
1.718337553004165841e+01
1.706671964524003826e+01
1.692041119855209885e+01
1.684472704364000606e+01
1.673950670887460745e+01
1.659890039716447419e+01
1.654210358520325030e+01
1.639363928268143056e+01
1.672544867555495784e+01
1.673681011401097152e+01
1.681671972973036233e+01
1.690194006907446678e+01
1.678088017240000340e+01
1.698587621731629582e+01
1.683854970996034339e+01
1.702511152164718666e+01
1.695728239207887356e+01
1.686944684759289714e+01
1.718065531682334068e+01
1.705756277660136533e+01
1.719515870127724355e+01
1.779300866242185819e+01
1.770109540700243755e+01
1.803993779023971555e+01
1.797028552077932773e+01
1.787062685987894639e+01
1.813829824986640205e+01
1.833875339084888267e+01
1.851721317728156180e+01
1.869040301299829920e+01
1.861987319030773946e+01
1.857956340624503966e+01
1.843621615469189123e+01
1.877405925766068506e+01
1.866511918579114848e+01
1.861093142579259663e+01
1.847694498733569191e+01
1.840901504252931176e+01
1.832135393469898332e+01
1.825448767946285500e+01
1.812374645795742722e+01
1.820661579913744177e+01
1.807699285464298455e+01
1.794830204515479011e+01
1.789655944083953543e+01
1.783264315712225212e+01
1.770625569980053271e+01
1.764346755902109720e+01
1.761972921814682991e+01
1.753644151756797953e+01
1.745367360715929195e+01
1.759365395307157343e+01
1.747596180162667068e+01
1.741528137870435700e+01
1.729383513484717483e+01
1.717319279218213879e+01
1.711417838396158331e+01
1.707494892675866183e+01
1.705988599263879379e+01
1.700185916953457976e+01
1.694422574862090514e+01
1.686939412860291299e+01
1.676863235801357277e+01
1.672561096368306721e+01
1.668507689895966450e+01
1.674198644680343406e+01
