-3.034541702270507812e+01
-7.404651165008544922e+00
1.224072551727294922e+01
1.093358230590820312e+01
-8.623005151748657227e-01
-1.944020080566406250e+01
-3.883631134033203125e+01
-5.956092453002929688e+01
-7.453662109375000000e+01
-9.713687896728515625e+01
-1.204778900146484375e+02
-1.318988037109375000e+02
-1.461662750244140625e+02
-1.579020996093750000e+02
-1.725389556884765625e+02
-1.546229248046875000e+02
-1.456468658447265625e+02
-1.186407470703125000e+02
-8.991632843017578125e+01
-5.842675399780273438e+01
-3.631545639038085938e+01
-3.826726913452148438e+00
2.593611478805541992e-01
-3.497727584838867188e+01
-7.091336822509765625e+01
-9.333803558349609375e+01
-1.460064544677734375e+02
-1.716957397460937500e+02
-2.366714782714843750e+02
-2.905287170410156250e+02
-3.527675476074218750e+02
-4.777620849609375000e+02
-5.439963378906250000e+02
-6.508676757812500000e+02
-7.876257324218750000e+02
-9.203065185546875000e+02
-1.051924682617187500e+03
-1.272250854492187500e+03
-1.542408447265625000e+03
-1.722262939453125000e+03
-2.052322753906250000e+03
-2.436044433593750000e+03
-2.727042236328125000e+03
-3.054853027343750000e+03
-3.564877441406250000e+03
-4.445747558593750000e+03
-4.736469726562500000e+03
-5.110892089843750000e+03
-5.946554199218750000e+03
-6.992431640625000000e+03
-8.358502929687500000e+03
-8.663829101562500000e+03
-9.966927734375000000e+03
-1.250706835937500000e+04
-1.395350585937500000e+04
-1.514406054687500000e+04
-1.484691601562500000e+04
-1.739278710937500000e+04
-1.882917968750000000e+04
-2.122344726562500000e+04
-2.268267968750000000e+04
-2.823241601562500000e+04
-2.751832812500000000e+04
-3.294156250000000000e+04
-3.508450781250000000e+04
-3.942451171875000000e+04
-4.241323046875000000e+04
-5.384273046875000000e+04
-5.428335156250000000e+04
-5.654300000000000000e+04
-6.326980078125000000e+04
-7.748684375000000000e+04
-7.075762500000000000e+04
-9.120682031250000000e+04
-9.513660937500000000e+04
-9.227489062500000000e+04
-1.150455156250000000e+05
-1.202584453125000000e+05
-1.336232031250000000e+05
-1.704221562500000000e+05
-1.625901562500000000e+05
-2.035399843750000000e+05
-1.906545625000000000e+05
-2.003687812500000000e+05
-2.230202343750000000e+05
-2.790903750000000000e+05
-2.265688437500000000e+05
-2.516328125000000000e+05
-3.345923125000000000e+05
-3.012010625000000000e+05
-3.423696250000000000e+05
-4.004975937500000000e+05
-3.769776250000000000e+05
-4.430896250000000000e+05
-5.061796250000000000e+05
-4.954489687500000000e+05
-5.934746250000000000e+05
-5.941406875000000000e+05
-6.659378750000000000e+05
-6.634253125000000000e+05
-6.466562500000000000e+05
-6.845928750000000000e+05
-9.078603750000000000e+05
-8.797443125000000000e+05
-9.332068125000000000e+05
-1.155249750000000000e+06
-1.148284000000000000e+06
-1.105815750000000000e+06
-1.182055000000000000e+06
-1.416934875000000000e+06
-1.406631125000000000e+06
-1.609505875000000000e+06
-1.553473250000000000e+06
-1.955393000000000000e+06
-1.614782750000000000e+06
-2.013729750000000000e+06
-1.917882125000000000e+06
-2.456798000000000000e+06
-2.181477000000000000e+06
-2.592109000000000000e+06
-2.727234750000000000e+06
-2.794945000000000000e+06
-2.788241500000000000e+06
-3.287349000000000000e+06
-2.909909500000000000e+06
-3.823247000000000000e+06
-3.130931750000000000e+06
-4.163323500000000000e+06
-4.246232500000000000e+06
-3.851400500000000000e+06
-5.383180500000000000e+06
-4.883745500000000000e+06
-5.501699000000000000e+06
-5.661374500000000000e+06
-5.992528500000000000e+06
-6.590459000000000000e+06
-6.640396500000000000e+06
-6.496289000000000000e+06
-7.080182000000000000e+06
-6.861079500000000000e+06
-7.749783000000000000e+06
-8.483050000000000000e+06
-8.524015000000000000e+06
-1.042366000000000000e+07
-1.057006400000000000e+07
-9.244751000000000000e+06
-9.919492000000000000e+06
-1.368537200000000000e+07
-1.262643400000000000e+07
-1.294836000000000000e+07
-1.331942300000000000e+07
-1.601289800000000000e+07
-1.507499200000000000e+07
-1.413636100000000000e+07
-1.868333600000000000e+07
-1.720604400000000000e+07
-1.803405600000000000e+07
-1.906326200000000000e+07
-1.992107200000000000e+07
-2.123818000000000000e+07
-2.370387600000000000e+07
-2.271877000000000000e+07
-2.703717200000000000e+07
-2.466860200000000000e+07
-2.463468800000000000e+07
-2.546759200000000000e+07
-3.065978400000000000e+07
-3.358745600000000000e+07
-2.953547200000000000e+07
-4.026760000000000000e+07
-3.580867200000000000e+07
-3.132146000000000000e+07
-3.572566000000000000e+07
-4.092329200000000000e+07
-3.935669600000000000e+07
-4.153132000000000000e+07
-3.922453600000000000e+07
-3.711844000000000000e+07
-4.208583200000000000e+07
-4.452735200000000000e+07
-4.149530400000000000e+07
-4.269744800000000000e+07
-4.206796000000000000e+07
-4.593326800000000000e+07
-4.250336000000000000e+07
-4.375022000000000000e+07
-4.587449600000000000e+07
-4.264192800000000000e+07
-5.722779200000000000e+07
-5.151141600000000000e+07
-5.423998400000000000e+07
-5.645732800000000000e+07
-5.249151200000000000e+07
-5.093276800000000000e+07
-5.828996400000000000e+07
-6.036012800000000000e+07
-6.433730400000000000e+07
-6.089502400000000000e+07
-5.933626400000000000e+07
-6.145936800000000000e+07
-6.157018000000000000e+07
-5.585111200000000000e+07
-5.950006800000000000e+07
-6.720739200000000000e+07
-7.394936000000000000e+07
-7.121966400000000000e+07
-7.278942400000000000e+07
-6.432730400000000000e+07
-9.513587200000000000e+07
-7.360224000000000000e+07
-7.883692800000000000e+07
-8.350300000000000000e+07
-7.604144800000000000e+07
-7.868219200000000000e+07
-7.855832800000000000e+07
-9.020606400000000000e+07
-7.459501600000000000e+07
-9.282009600000000000e+07
-8.822804000000000000e+07
-9.436750400000000000e+07
-9.340012800000000000e+07
-1.150108960000000000e+08
-8.753115200000000000e+07
-1.146100800000000000e+08
-9.388217600000000000e+07
-1.096182400000000000e+08
-1.221036400000000000e+08
-1.219047360000000000e+08
-1.138486080000000000e+08
-1.248232720000000000e+08
-1.149293040000000000e+08
-1.386661440000000000e+08
-1.084086880000000000e+08
-1.232256480000000000e+08
-1.319258080000000000e+08
-1.469080320000000000e+08
-1.274603840000000000e+08
-1.400269120000000000e+08
-1.364963520000000000e+08
-1.390617760000000000e+08
-1.486424320000000000e+08
-1.367967520000000000e+08
-1.465793920000000000e+08
-1.581984800000000000e+08
-1.503877760000000000e+08
-1.756710400000000000e+08
-1.476572160000000000e+08
-1.690513280000000000e+08
-1.873744480000000000e+08
-1.572923200000000000e+08
-1.735720000000000000e+08
-1.835609280000000000e+08
-1.750923840000000000e+08
-2.049866400000000000e+08
-1.784782080000000000e+08
-1.843494400000000000e+08
-1.931608320000000000e+08
-1.809362880000000000e+08
-2.089527520000000000e+08
-2.159013440000000000e+08
-2.039760640000000000e+08
-2.694816000000000000e+08
-2.152331520000000000e+08
-2.023499360000000000e+08
-2.273207360000000000e+08
-2.293847360000000000e+08
-2.288274880000000000e+08
-2.416251520000000000e+08
-2.339495040000000000e+08
-2.407355520000000000e+08
-2.650677760000000000e+08
-2.366836160000000000e+08
-2.241820000000000000e+08
-2.636897280000000000e+08
-2.712266880000000000e+08
-2.524409920000000000e+08
-2.468868800000000000e+08
