4.766003787517547607e-02
6.099849853515625000e+02
2.045583724975585938e+01
2.771822814941406250e+02
2.589268188476562500e+02
8.678925000000000000e+04
5.232857031250000000e+04
7.708157812500000000e+04
2.717112109375000000e+04
3.230936718750000000e+04
4.318793750000000000e+04
3.569053125000000000e+04
2.730475781250000000e+04
3.938151562500000000e+04
4.670757031250000000e+04
3.415783203125000000e+04
3.478200781250000000e+04
3.968327343750000000e+04
2.476143359375000000e+04
2.391772265625000000e+04
1.423840039062500000e+04
2.234918457031250000e+03
1.752558007812500000e+04
5.753345280000000000e+08
1.602373600000000000e+08
1.789653440000000000e+08
3.686281250000000000e+04
4.002765625000000000e+04
2.540188160000000000e+08
5.717855360000000000e+08
6.449194880000000000e+08
1.008933888000000000e+09
8.298136320000000000e+08
2.721682688000000000e+09
3.397298176000000000e+09
1.708505856000000000e+09
1.246358272000000000e+09
2.846133760000000000e+09
3.044021248000000000e+09
5.794082816000000000e+09
8.776910848000000000e+09
9.389744128000000000e+09
6.289728512000000000e+09
5.012304384000000000e+09
8.863132672000000000e+09
2.081618329600000000e+10
1.231645286400000000e+10
3.194111744000000000e+09
9.189823488000000000e+09
1.578042265600000000e+10
3.154648064000000000e+10
3.159215513600000000e+10
5.165644185600000000e+10
1.138750566400000000e+10
5.526747545600000000e+10
1.155639214080000000e+11
5.127407616000000000e+09
6.167417651200000000e+10
6.307653632000000000e+10
1.007043461120000000e+11
8.838897664000000000e+10
4.679499366400000000e+10
1.445568512000000000e+11
1.576281374720000000e+11
2.023508869120000000e+11
1.191091978240000000e+11
2.036015595520000000e+11
1.399094640640000000e+11
3.887059435520000000e+11
3.341246791680000000e+11
3.715473735680000000e+11
6.034520801280000000e+11
5.381487329280000000e+11
3.687671070720000000e+11
9.720186798080000000e+11
9.151525683200000000e+11
1.071011397632000000e+12
1.061673828352000000e+12
8.282548469760000000e+11
5.374846894080000000e+11
1.767767801856000000e+12
1.832940863488000000e+12
2.151988592640000000e+11
1.565455548416000000e+12
2.179615817728000000e+12
3.027770277888000000e+12
1.214700453888000000e+12
3.822899429376000000e+12
7.316942880768000000e+12
4.347737931776000000e+12
7.743061622784000000e+12
2.465491582976000000e+12
7.874862383104000000e+12
1.365146966425600000e+13
8.312957435904000000e+12
1.071070052352000000e+13
1.168896111411200000e+13
3.625944088576000000e+12
2.620473212928000000e+13
1.287479361536000000e+13
2.714760957132800000e+13
3.459016923545600000e+13
1.864828662579200000e+13
6.028139272601600000e+13
6.482107249459200000e+13
4.954667561779200000e+13
1.129534959124480000e+14
6.008276726579200000e+13
1.227189513093120000e+14
1.122542383267840000e+14
1.823658045603840000e+14
1.986011332608000000e+14
6.887803820441600000e+13
7.894193510809600000e+13
1.417581638451200000e+14
2.435553815429120000e+14
1.696535905566720000e+14
5.848514009497600000e+14
3.430828935741440000e+14
1.524793081856000000e+14
7.649191127941120000e+14
8.888626750423040000e+14
4.009377472184320000e+14
1.114397380444160000e+15
1.103090543493120000e+15
8.851541049999360000e+14
1.214230338469888000e+15
1.074939985657856000e+15
9.246535770439680000e+14
1.459662083850240000e+15
1.842339106521088000e+15
2.104708055433216000e+15
3.014037591818240000e+15
4.653486469808128000e+15
5.663984363503616000e+15
3.016418345877504000e+15
5.041390736113664000e+15
3.072897434255360000e+15
3.048114130780160000e+15
6.081815425056768000e+15
5.630915799678976000e+15
6.974109376315392000e+15
8.103047972519936000e+15
9.703955693043712000e+15
1.588878268746956800e+16
1.615850019120742400e+16
7.770029630160896000e+15
1.588203744133120000e+16
1.553572885954560000e+16
2.404886192010035200e+16
1.615613795919462400e+16
2.285523467396710400e+16
6.567883316396032000e+15
2.197045852608921600e+16
2.421752099084697600e+16
4.786676626882560000e+16
3.064155726256537600e+16
3.365996364143001600e+16
5.145779701494579200e+16
5.543195172877107200e+16
5.007115393853030400e+16
6.705689489571840000e+16
9.887790386485657600e+16
3.641766335794380800e+16
1.820872688176988160e+17
5.456815220116684800e+16
1.871951531637473280e+17
1.673008646486753280e+17
1.068525586219008000e+17
1.004147032929075200e+17
1.922953752881397760e+17
1.846109572410900480e+17
3.862729690070384640e+17
4.779035192868208640e+17
1.400226545044736180e+22
3.408309437050388480e+17
4.097623513072926720e+17
1.925910408367964160e+17
2.232539805940449280e+17
4.007844609093795840e+17
4.480278298550599680e+17
6.381509137640980480e+17
9.159400526205419520e+17
1.141324955468693504e+18
6.752622487000842240e+17
2.184319002768635331e+22
5.679590878792908800e+17
5.126100161344307200e+17
1.125198418424102912e+18
1.305511590870646784e+18
1.767589461341765632e+18
3.854029690516153565e+22
4.224390411632370097e+22
8.617457429627535360e+17
2.204097226836279296e+18
1.824952907108188160e+18
6.063880725472259080e+22
1.170424905087320064e+18
1.488277224002945024e+18
7.862114244383211520e+17
2.603715002829373440e+18
1.772813241085329408e+18
6.627452708905287680e+17
3.533813604119740416e+18
4.976734873965297664e+18
4.049866912715243520e+18
5.326151422935302144e+18
6.051470106720993280e+18
1.469681238817950925e+19
1.045695811252178125e+19
6.865801403600732160e+18
2.140010202726761885e+23
8.130755446496559104e+18
2.502506197741708771e+23
8.854727778294038528e+18
1.243266725793759232e+19
3.155685229265433374e+23
1.245454973835359027e+19
3.677206029282608897e+23
1.321648930616980275e+19
4.280488419526800111e+23
1.701338003381053030e+19
9.474166241103970304e+18
1.287125035162953318e+19
1.864650554526715085e+19
6.227946499609396060e+23
2.684582763638344909e+19
3.830271021050704691e+19
4.148337304929094861e+19
3.888601432318174822e+19
5.500333746033157734e+19
3.313082301772778701e+19
8.063163848788331725e+19
2.725693283498563994e+19
5.582380183307105075e+19
2.563405673342863566e+24
6.155745150671362458e+19
1.473252385980951009e+24
3.509981744563277005e+19
3.684310192756464026e+19
5.189509285539951411e+19
5.227789882372600627e+19
5.159743306752799539e+19
2.219702046651429153e+24
2.373622688008778182e+24
1.083192764157478830e+20
2.712430577646087696e+24
2.221364100375385211e+20
3.097191324383640765e+24
1.950103850569558917e+20
9.922550601348231987e+19
2.138354139071785206e+20
5.004224423878302106e+19
2.651065734962337546e+20
3.635988899719429489e+20
9.785798275682620148e+24
2.766987157917831004e+20
1.526295950151206830e+20
3.686738838020360765e+20
2.228652191209865871e+20
1.569655411094878945e+20
7.644111644023366615e+20
5.106578840917272166e+20
4.411175207705226772e+20
4.613372757225326510e+20
2.649364746493702963e+20
5.023242192718827356e+20
2.066306733977654233e+25
3.336957273180167209e+20
3.982970844072514683e+20
1.243652412482550497e+20
1.310269464543978395e+25
5.323525679217010278e+20
5.362218285046819717e+20
1.561331380769422303e+25
1.654543931495381274e+25
6.562008539869478912e+20
