-1.815768009452179399e+01
-5.869233517850675597e+00
-9.035180814184544218e+00
-7.079768888591353893e+00
-5.673646595631110401e+00
-4.774439928447136161e+00
-6.620851047364696207e+00
-5.643332021904944540e+00
-6.205285891098974105e+00
-7.354019316094897007e+00
-6.575018081189588415e+00
-6.031222018095885318e+00
-5.473848898387045026e+00
-6.012715105208878974e+00
-6.479802928224483338e+00
-6.148942692995644776e+00
-6.553019515852644972e+00
-6.783075527754378165e+00
-6.985346002149604772e+00
-7.521014375161199084e+00
-7.672521016356570911e+00
-8.127980084348509493e+00
-8.032081333972136861e+00
-8.434884747385835269e+00
-7.970865927809309248e+00
-7.616202121478226061e+00
-7.377736555815331165e+00
-7.125098255094718169e+00
-7.328325087237455904e+00
-7.360787763891087465e+00
-7.050652798477763383e+00
-7.164495090422005497e+00
-7.483719924150483038e+00
-7.645641663599474391e+00
-7.435032717471697694e+00
-7.194666797100909506e+00
-7.478560646204361895e+00
-7.198531980393285679e+00
-6.933582809585546514e+00
-6.790441399019465862e+00
-6.548477067584402178e+00
-6.647146692959158720e+00
-6.517411191602277221e+00
-6.393464116159038646e+00
-5.846871552492928004e+00
-5.726307349205671748e+00
-5.981041618407182625e+00
-5.881413697058569312e+00
-5.930718730346927536e+00
-6.165957627480066705e+00
