-1.051370175351214087e+01
-1.331610132980147831e+01
-6.594820966715288613e+00
-3.431237853044238229e+00
8.313348138782687613e+01
9.617611495501195407e+01
8.156207994912563208e+01
7.060200608137033385e+01
7.272861736430488122e+01
6.368483932496697264e+01
5.733576120110206631e+01
5.559215455313697163e+01
5.107273662529719616e+01
5.262630788459519948e+01
4.898480908661971966e+01
4.528476218585597479e+01
4.253658869580529966e+01
4.865343706168808069e+01
5.052017257336083134e+01
4.710898586105874841e+01
4.675029647553645162e+01
4.661405548259051557e+01
4.538645928017083264e+01
4.852641568453562115e+01
2.705679776697006034e+01
5.833283454285913194e+01
6.487763714911594093e+01
6.550299718194477805e+01
6.070674649298058512e+01
6.093713602464460877e+01
9.111384771975365027e+01
1.321843198852948262e+02
1.668370506196320662e+02
1.916584885552096296e+02
2.067924994744627725e+02
2.373833990138098784e+02
2.673424295070084895e+02
2.592973965281853452e+02
2.550913259390118242e+02
2.559765040226458837e+02
2.585662586950392097e+02
2.651136153278887377e+02
2.670463041152661390e+02
2.626187193144732532e+02
2.616340585194988080e+02
2.286545325361049379e+02
2.224158364341577396e+02
2.236806836144429838e+02
2.264835545467450970e+02
2.291794889624171105e+02
2.050650637188928727e+02
1.621739674820756250e+02
1.305248671761972048e+02
1.037290847361488488e+02
8.869488252114754800e+01
6.102714594046295815e+01
3.701575038445967181e+01
4.051059707305594770e+01
4.645646852008695760e+01
4.885193788305370788e+01
4.634089008660086506e+01
4.227220073275449863e+01
4.766670088082697987e+01
4.901042945403455064e+01
5.436263390421191843e+01
5.388242328822982330e+01
5.307669537242050950e+01
5.796036215037961625e+01
5.505398743538147244e+01
5.919644439245945478e+01
5.626360607415208648e+01
5.545525143798131751e+01
5.910601988801190743e+01
5.702680038533041795e+01
5.621858569899518443e+01
5.379562512095225202e+01
4.693503729703621019e+01
4.344072910017217737e+01
3.651019691577117499e+01
3.993771053013608707e+01
4.035976412457986839e+01
3.882326288382720492e+01
3.404796812698892694e+01
3.955528392144873351e+01
3.518774026624586071e+01
3.514028119713948684e+01
4.194951089319006599e+01
3.449690205433414292e+01
3.726143732175621892e+01
3.066553172146331718e+01
2.703820072316112189e+01
3.386144499143804865e+01
3.341739937758244139e+01
3.966113195644067702e+01
4.619047710001429863e+01
4.728266043535553820e+01
5.372187794338434230e+01
5.984315121078348199e+01
6.041490413263907300e+01
5.621223156968541446e+01
5.813086919435693289e+01
5.771767861895013851e+01
5.866961098122253304e+01
5.199755208316408783e+01
5.199755208316408783e+01
4.835744650472163642e+01
4.789010410164335951e+01
5.016933538907731815e+01
4.980783045479387994e+01
5.328822759441577261e+01
5.310919904846123529e+01
4.817436988327358449e+01
4.752653677075672078e+01
4.692391833005979862e+01
4.659545178248777120e+01
4.510104879392321209e+01
4.263188378974142267e+01
3.896571086008349027e+01
4.509645979464157506e+01
4.600394961551275230e+01
4.366323629619578384e+01
5.018632685603413535e+01
5.114065939068727573e+01
5.365076061769339333e+01
5.323811512167615945e+01
5.647992874568145538e+01
5.261870357558649403e+01
5.669404112818985197e+01
5.640956208978142428e+01
5.541377254364798688e+01
6.166415457093385299e+01
6.299678081901070925e+01
6.286345280615573472e+01
6.054628807797394074e+01
5.826726657249056274e+01
6.440271753987377679e+01
6.669990030130891512e+01
7.012054397218076929e+01
6.989272715996062857e+01
7.259509618113347074e+01
7.861606319426218192e+01
7.790661082278440119e+01
7.433366096169409332e+01
7.841111353389452177e+01
7.783911695374224848e+01
7.198646921734801651e+01
7.573015146330423875e+01
7.036024302069554892e+01
7.387320535907578289e+01
7.795642871799337570e+01
7.415771041083876014e+01
7.755834160155782797e+01
7.490927831172371043e+01
7.752232763158716011e+01
7.681851689624268431e+01
7.635382941432132498e+01
7.680846852106898837e+01
7.656669753720564131e+01
7.027097409950410167e+01
6.812452129021662017e+01
6.837532014211522835e+01
6.599175654045453143e+01
7.142626957646497488e+01
6.805781881814202450e+01
7.436797663749084109e+01
7.822889621316060982e+01
7.382550715818339881e+01
7.284084448940446066e+01
6.663736552007455316e+01
6.585713756897361293e+01
6.958112787125192256e+01
6.915354946989542384e+01
6.964528858418468360e+01
6.331500755761992139e+01
6.595913274051048347e+01
5.989559022692061774e+01
5.377466249603522641e+01
5.451455260913873246e+01
6.042706039069234691e+01
5.635868115896182928e+01
5.088178064589301641e+01
5.349204197428573337e+01
4.959320329808080885e+01
4.850373072887244774e+01
4.882076233440618296e+01
5.102195273405757803e+01
5.535022788665160220e+01
5.847165752035355268e+01
5.865051378478568722e+01
5.917001879216202553e+01
5.648480660554800892e+01
5.424303387943024291e+01
5.074541649340844884e+01
5.674938857136110215e+01
5.688496857340610546e+01
5.985767153796363971e+01
5.943568576412064886e+01
5.551395275186253286e+01
4.942249241950528926e+01
5.039640279005345036e+01
5.576151770055575696e+01
5.519973922603517025e+01
5.711376716321537828e+01
5.844296839593673809e+01
5.806401013146366097e+01
5.759301888689077487e+01
5.815968085102947782e+01
6.173116519438438132e+01
6.454552738424257541e+01
6.371635255922416263e+01
6.659855022997001583e+01
6.913559356092450514e+01
7.474144805868941432e+01
7.161347317239355448e+01
7.157861386216127642e+01
7.476363017878047401e+01
7.671117498253744316e+01
7.645659277318264913e+01
7.931514179575864887e+01
8.449570490096249387e+01
8.481954755393665835e+01
7.894858142910602794e+01
8.081426557869275484e+01
8.408828549045634304e+01
7.987247095427741783e+01
7.598742909069507334e+01
6.909260309283082790e+01
6.838194653150655711e+01
6.556768044910117510e+01
6.579728899589707680e+01
6.352512909020854437e+01
6.301965322983369333e+01
5.741740599629763153e+01
5.493420889725540235e+01
4.939943966991977220e+01
4.998833945132250989e+01
4.846277054798916595e+01
4.800153434491166138e+01
5.173643875146152737e+01
5.188212027817043293e+01
5.145756208059422931e+01
5.737049659862026374e+01
5.164253985797684265e+01
4.701129532217127860e+01
4.861168941901440377e+01
5.317468848928166381e+01
5.936970698714225136e+01
5.563507795040662529e+01
5.890426458322565395e+01
5.756567932726035508e+01
