-1.649505214361754568e+01
-1.794079928568775983e+01
-1.642816220120966264e+01
1.367155033549719789e+01
1.174873988405615854e+01
1.834059300928237590e+01
2.107738260612040548e+01
2.530694694032942493e+01
2.782360711572761502e+01
4.044914556882857681e+01
4.321843892611537541e+01
4.272188102885868943e+01
4.304963177296334464e+01
4.336803190835485111e+01
3.931532713185710293e+01
3.576920313725237577e+01
3.264032593296489893e+01
3.322932562527377343e+01
3.154359227798385135e+01
2.969910660036945771e+01
4.034833031077279486e+01
3.870973095910981243e+01
3.915092747137383355e+01
3.962787819190097593e+01
4.050012400545694646e+01
3.994794701002421533e+01
4.042368923293195593e+01
3.995311079862830184e+01
3.801083344193307312e+01
3.613533996742270205e+01
3.440570769344703450e+01
3.433189093989315666e+01
3.573587359431226673e+01
3.693231155168297164e+01
3.772363015556022248e+01
3.845034241845836931e+01
3.907363341692118297e+01
3.884909785440883923e+01
3.735550473219743850e+01
3.599307373903736362e+01
3.467991984019589324e+01
3.338738423817068224e+01
3.323388589780408608e+01
3.306852302026455703e+01
3.296295548488849647e+01
3.441774484004590562e+01
3.426696206435602932e+01
3.374596968116802032e+01
3.267521656297143551e+01
3.257113570871536723e+01
3.156735751690240122e+01
3.146647299415879218e+01
3.125046766638042328e+01
3.116821726583319574e+01
3.102516087710048609e+01
3.075784393044679987e+01
3.068946615308625780e+01
2.981877961641114894e+01
3.014144972848336579e+01
3.009491254047093634e+01
3.149926936128077060e+01
3.076938265976422215e+01
3.002740451685118117e+01
2.992092792982073490e+01
2.915588115605057951e+01
2.879131638929925430e+01
2.808527091453503033e+01
2.739719014115195606e+01
2.671306031067796027e+01
2.684490873037843883e+01
2.621747061589214667e+01
2.557826112182180012e+01
2.498528003374612183e+01
2.578900757563640767e+01
2.570611318425884306e+01
2.520812959968836608e+01
2.477211839282877648e+01
2.422784106968078888e+01
2.395355854590812328e+01
2.368123130902057483e+01
2.337570530399833402e+01
2.398714005206867128e+01
2.348511362341283970e+01
2.313502848451046390e+01
2.263637259830331416e+01
2.218798311218823471e+01
2.173392120941544903e+01
2.200212930875446915e+01
2.164092822712596487e+01
2.180740537319607952e+01
2.146369378983322918e+01
2.106712786862660636e+01
2.074341195761070011e+01
2.103185597594249145e+01
2.104560083208130550e+01
2.062022916210231571e+01
2.025701683539140774e+01
1.987139638898786131e+01
1.947077660125566467e+01
1.912295261188825890e+01
1.880760943875270286e+01
1.850600021978101850e+01
1.820961528327688228e+01
1.793806611420040653e+01
1.757875088880048509e+01
1.762004004704412097e+01
1.733919306067335953e+01
1.739165822946505102e+01
1.705346478872651161e+01
1.673549976483430157e+01
1.756960261452692151e+01
1.725648074626067441e+01
1.700912688872765344e+01
1.673282490865779693e+01
1.648230435915447245e+01
1.626818134516931735e+01
1.605786378221386101e+01
1.587360294941147565e+01
1.560464602690106872e+01
1.532571643692623908e+01
1.507004793480692761e+01
1.490649961013170177e+01
1.467021647219805125e+01
1.447697651142262210e+01
1.425572209716868421e+01
1.400626855704795304e+01
1.378655339027971749e+01
1.404718337498653291e+01
1.386312778103582488e+01
1.399360724004623435e+01
1.473150085716877378e+01
1.449244737039311204e+01
1.426282244987308090e+01
1.453842149421611829e+01
1.428484567356377077e+01
1.417413102642233369e+01
1.392962025910595081e+01
1.368865993633364475e+01
1.378500732187895039e+01
1.360615090371260116e+01
1.396262151084458303e+01
1.373996003213689043e+01
1.379475254288245978e+01
1.357764058383866512e+01
1.370397486372225870e+01
1.351246564041251297e+01
1.339079263228460270e+01
1.345910282438147654e+01
1.323793376555159362e+01
1.305113440925548218e+01
