-1.642743945121765137e+00
3.403689265251159668e-01
8.951702117919921875e-01
8.653343915939331055e-01
7.158219814300537109e-01
2.515547871589660645e-01
-1.614475846290588379e-01
-3.499912023544311523e-01
-4.578803181648254395e-01
-4.627321064472198486e-01
-3.755481243133544922e-01
-2.004900723695755005e-01
-1.036587432026863098e-01
-1.208326816558837891e-01
-3.105038106441497803e-01
-6.859529018402099609e-01
-1.312064647674560547e+00
-2.222084999084472656e+00
-3.221035003662109375e+00
-3.954698801040649414e+00
-3.956516742706298828e+00
-3.202232360839843750e+00
-1.812594532966613770e+00
1.425029039382934570e-01
2.296852588653564453e+00
3.965870380401611328e+00
4.676586151123046875e+00
4.211707115173339844e+00
2.146774291992187500e+00
1.199016906321048737e-02
-1.631103038787841797e+00
-1.441567182540893555e+00
6.319057941436767578e-01
3.125174999237060547e+00
4.754169464111328125e+00
5.398314476013183594e+00
4.324044227600097656e+00
3.493479251861572266e+00
2.668482780456542969e+00
1.424786448478698730e+00
2.206323146820068359e+00
4.041005134582519531e+00
3.694203376770019531e+00
2.863986015319824219e+00
1.386202573776245117e+00
1.877906322479248047e-01
-1.431545913219451904e-01
-1.619049608707427979e-01
3.366385400295257568e-02
2.748455107212066650e-01
4.544192254543304443e-01
5.266987085342407227e-01
4.798329174518585205e-01
3.909160792827606201e-01
1.285032480955123901e-01
-7.294258475303649902e-02
-2.007522284984588623e-01
-2.139600515365600586e-01
-1.382423937320709229e-01
-3.282855078577995300e-02
9.575830399990081787e-02
2.313297986984252930e-01
4.408953785896301270e-01
5.513256192207336426e-01
6.625506877899169922e-01
5.039617419242858887e-01
9.966949373483657837e-02
-3.784604966640472412e-01
-1.001950740814208984e+00
-1.405419707298278809e+00
-1.738393545150756836e+00
-1.636728525161743164e+00
-1.849483609199523926e+00
-1.847603082656860352e+00
-1.920907974243164062e+00
-1.672435164451599121e+00
-1.713298916816711426e+00
-1.591334581375122070e+00
-1.516679763793945312e+00
-1.872948646545410156e+00
-1.920305728912353516e+00
-1.850319623947143555e+00
-1.704021930694580078e+00
-1.409129738807678223e+00
-1.412697315216064453e+00
-1.061821699142456055e+00
-8.735359907150268555e-01
-9.596054553985595703e-01
-1.328402042388916016e+00
-1.681864380836486816e+00
-2.110542774200439453e+00
-2.283446311950683594e+00
-1.974779844284057617e+00
-2.027477741241455078e+00
-2.168761968612670898e+00
-1.580596208572387695e+00
-1.670245289802551270e+00
-1.477863311767578125e+00
-9.998435974121093750e-01
-1.344286084175109863e+00
-1.031346797943115234e+00
-1.210642457008361816e+00
-1.286303281784057617e+00
-1.295217394828796387e+00
-1.594734072685241699e+00
-1.783133983612060547e+00
-1.891688585281372070e+00
-1.697651624679565430e+00
-1.748582482337951660e+00
-1.803004503250122070e+00
-1.939436912536621094e+00
-1.385746598243713379e+00
-1.246651291847229004e+00
-1.191988110542297363e+00
-1.330497264862060547e+00
-1.309556126594543457e+00
-2.360003471374511719e+00
-2.425289154052734375e+00
-2.670296669006347656e+00
-2.001087188720703125e+00
-2.180453300476074219e+00
-2.039439678192138672e+00
-1.484979152679443359e+00
-1.427483677864074707e+00
-9.902482032775878906e-01
-9.033416509628295898e-01
-9.936121702194213867e-01
-1.236013889312744141e+00
-1.400908708572387695e+00
-1.355867028236389160e+00
-1.097405433654785156e+00
-1.163430929183959961e+00
-1.614584088325500488e+00
-1.532598972320556641e+00
-8.853515386581420898e-01
-1.574233293533325195e+00
-1.822208285331726074e+00
-1.770244598388671875e+00
-1.996970295906066895e+00
-1.736215353012084961e+00
-1.627743363380432129e+00
-1.982891559600830078e+00
-1.521793127059936523e+00
-1.547135591506958008e+00
-1.747949361801147461e+00
-2.170186758041381836e+00
-2.050428628921508789e+00
-2.032367944717407227e+00
-1.891227722167968750e+00
-2.053857803344726562e+00
-1.465544700622558594e+00
-1.458844900131225586e+00
-2.090855121612548828e+00
-2.779299497604370117e+00
-2.437796354293823242e+00
-1.866106748580932617e+00
-1.966893672943115234e+00
-1.393481016159057617e+00
-1.751377701759338379e+00
-2.971051216125488281e+00
-3.997963428497314453e+00
-4.958084106445312500e+00
-5.026096343994140625e+00
-2.975541591644287109e+00
-3.252110719680786133e+00
-4.454938888549804688e+00
-4.634308338165283203e+00
-5.830357074737548828e+00
-4.030323028564453125e+00
-1.627116560935974121e+00
-3.910869836807250977e+00
-5.232678413391113281e+00
-4.656896114349365234e+00
-5.283288002014160156e+00
-6.021325111389160156e+00
-4.386695861816406250e+00
-3.282479763031005859e+00
-1.475151777267456055e+00
-8.947740197181701660e-01
-1.366814225912094116e-01
4.483371675014495850e-01
1.348621368408203125e+00
1.680668354034423828e+00
2.252669334411621094e+00
6.045316457748413086e-01
2.418079227209091187e-01
-3.676385283470153809e-01
-1.134333014488220215e+00
-2.483121633529663086e+00
-2.821264982223510742e+00
-3.048498153686523438e+00
-2.648999929428100586e+00
-1.632641673088073730e+00
-9.882792234420776367e-01
-1.276920795440673828e+00
-1.310949325561523438e+00
-1.874976396560668945e+00
-2.694941759109497070e+00
-3.173761606216430664e+00
-2.718916177749633789e+00
-2.414945125579833984e+00
-1.807738900184631348e+00
-1.043214678764343262e+00
-1.128610253334045410e+00
-1.812132835388183594e+00
-2.659859895706176758e+00
-3.475808620452880859e+00
-3.751253128051757812e+00
-3.337019205093383789e+00
-2.365525007247924805e+00
-1.885782241821289062e+00
-1.392793297767639160e+00
-1.217231273651123047e+00
-6.705975532531738281e-01
-2.235840082168579102e+00
-2.214602231979370117e+00
-2.206942558288574219e+00
-2.558729171752929688e+00
-2.382898569107055664e+00
-2.745054244995117188e+00
-2.600860595703125000e+00
-2.314540386199951172e+00
-2.174033164978027344e+00
-1.698311090469360352e+00
-2.123679637908935547e+00
-2.480622529983520508e+00
-1.886444807052612305e+00
-2.552103281021118164e+00
-2.006450414657592773e+00
-2.097862005233764648e+00
-1.884923934936523438e+00
-2.593713760375976562e+00
-3.276188850402832031e+00
-3.321504592895507812e+00
-3.236568689346313477e+00
-2.841537714004516602e+00
-2.377523899078369141e+00
-2.179690122604370117e+00
-1.741788268089294434e+00
-1.644725322723388672e+00
-2.596906661987304688e+00
-1.878510951995849609e+00
-2.834443092346191406e+00
-2.786527395248413086e+00
-2.294547319412231445e+00
-2.162731885910034180e+00
-2.453687667846679688e+00
-2.587378978729248047e+00
-3.067924261093139648e+00
-2.601284503936767578e+00
-3.514568328857421875e+00
-3.300086975097656250e+00
-2.682149410247802734e+00
-2.997899532318115234e+00
-2.222380876541137695e+00
-2.810659646987915039e+00
-3.135575771331787109e+00
-3.023257970809936523e+00
-3.490568637847900391e+00
-2.647809505462646484e+00
-1.688697338104248047e+00
-2.376590728759765625e+00
-2.661931037902832031e+00
-3.034805774688720703e+00
-2.925832748413085938e+00
-3.178930521011352539e+00
-2.617311477661132812e+00
-6.051654219627380371e-01
-3.340667724609375000e+00
-1.503282546997070312e+00
-1.101879835128784180e+00
-7.750203609466552734e-01
-2.969316959381103516e+00
-2.966826200485229492e+00
-3.973875045776367188e+00
-3.540510654449462891e+00
-2.831315279006958008e+00
-2.309937238693237305e+00
-3.221230983734130859e+00
-2.668484449386596680e+00
-3.089599132537841797e+00
-3.029278278350830078e+00
-3.864509820938110352e+00
-2.548176527023315430e+00
-1.423106074333190918e+00
-1.263130187988281250e+00
-1.931303381919860840e+00
-2.501202583312988281e+00
-2.503238677978515625e+00
-2.475381374359130859e+00
-3.073966979980468750e+00
-1.987576961517333984e+00
-9.918121099472045898e-01
-8.325491547584533691e-01
-1.112054347991943359e+00
-1.635339856147766113e+00
-1.816974639892578125e+00
-2.534813404083251953e+00
-2.432954549789428711e+00
-2.188620567321777344e+00
-1.852230668067932129e+00
-2.328278541564941406e+00
-2.830835580825805664e+00
-2.971782445907592773e+00
-2.346177577972412109e+00
-2.938269853591918945e+00
-1.771543860435485840e+00
-2.043054819107055664e+00
-3.544702291488647461e+00
-3.650967597961425781e+00
-3.812335252761840820e+00
-2.933264017105102539e+00
-2.480039119720458984e+00
-2.448810100555419922e+00
-2.228046417236328125e+00
-2.682458877563476562e+00
-2.816634416580200195e+00
-2.777262926101684570e+00
-3.014527320861816406e+00
-2.957030773162841797e+00
-3.156620502471923828e+00
-2.951676368713378906e+00
-2.949651718139648438e+00
-2.926940441131591797e+00
-2.612052440643310547e+00
-3.726521253585815430e+00
-3.972222805023193359e+00
-2.854276180267333984e+00
-2.645051002502441406e+00
-3.283056735992431641e+00
-3.145796060562133789e+00
-3.216566562652587891e+00
-3.009520530700683594e+00
-3.197115898132324219e+00
-3.121402978897094727e+00
-2.634785652160644531e+00
-3.286314725875854492e+00
-3.107686758041381836e+00
-2.642545938491821289e+00
-2.601186275482177734e+00
-2.855925083160400391e+00
-3.666072368621826172e+00
-3.895059108734130859e+00
-4.031591415405273438e+00
-3.308917760848999023e+00
-4.095626831054687500e+00
-3.671735763549804688e+00
-3.430901288986206055e+00
-3.860530614852905273e+00
-3.463995695114135742e+00
-2.678040504455566406e+00
-2.773806810379028320e+00
-2.834904193878173828e+00
-2.318664073944091797e+00
-2.588658571243286133e+00
-2.857789516448974609e+00
-2.311139106750488281e+00
-2.570061922073364258e+00
-2.728539466857910156e+00
-3.030031681060791016e+00
-3.401450872421264648e+00
-3.743707180023193359e+00
-3.382203817367553711e+00
-3.195237159729003906e+00
-3.318526029586791992e+00
-3.152053833007812500e+00
-3.129091978073120117e+00
-3.907425880432128906e+00
-4.113291263580322266e+00
-3.540309906005859375e+00
-3.690686225891113281e+00
-3.151233434677124023e+00
-3.238309860229492188e+00
-4.007345199584960938e+00
-4.501368999481201172e+00
-4.673315048217773438e+00
-4.646541595458984375e+00
-4.024969100952148438e+00
-3.599406242370605469e+00
-3.063771247863769531e+00
-2.721163749694824219e+00
-2.571193695068359375e+00
-3.178773164749145508e+00
-3.572168350219726562e+00
-4.187036514282226562e+00
-4.332686424255371094e+00
-4.570773124694824219e+00
-4.001886367797851562e+00
-3.138054370880126953e+00
-2.527221202850341797e+00
-1.793726682662963867e+00
-1.017715930938720703e+00
-1.185025453567504883e+00
-2.246447324752807617e+00
-3.454934835433959961e+00
-3.455377340316772461e+00
-4.712761402130126953e+00
-5.223165988922119141e+00
-4.267461776733398438e+00
-4.040639400482177734e+00
-3.149173259735107422e+00
-3.528454542160034180e+00
-2.212095499038696289e+00
-2.359017848968505859e+00
-2.360270500183105469e+00
-2.994383335113525391e+00
-4.318132400512695312e+00
-4.506222248077392578e+00
-4.714452743530273438e+00
-4.204039573669433594e+00
-4.053704261779785156e+00
-3.406618118286132812e+00
-3.098351001739501953e+00
-3.041093826293945312e+00
-3.487952232360839844e+00
-3.996297359466552734e+00
-4.360664367675781250e+00
-4.834507942199707031e+00
-5.091500282287597656e+00
-4.646597862243652344e+00
-3.413355112075805664e+00
-2.878497123718261719e+00
-3.102392911911010742e+00
-2.978667736053466797e+00
-2.559044599533081055e+00
-2.936584472656250000e+00
-3.080825805664062500e+00
-3.074175834655761719e+00
-2.942213535308837891e+00
-3.407571077346801758e+00
-3.358637809753417969e+00
-3.024516105651855469e+00
-2.949067831039428711e+00
-2.985081195831298828e+00
-2.703852176666259766e+00
-2.610692501068115234e+00
-2.765838384628295898e+00
-3.710831880569458008e+00
-3.946163654327392578e+00
-3.016685009002685547e+00
-3.629637479782104492e+00
-4.746454715728759766e+00
-4.399404525756835938e+00
-3.818880081176757812e+00
-3.126987934112548828e+00
-3.362282037734985352e+00
-3.867547035217285156e+00
-3.540153741836547852e+00
-3.407218456268310547e+00
-3.973685979843139648e+00
-3.377024650573730469e+00
-4.008515834808349609e+00
-4.342639923095703125e+00
-4.039887428283691406e+00
-4.465794563293457031e+00
-4.035446166992187500e+00
-3.219065666198730469e+00
-3.648725509643554688e+00
-3.009603023529052734e+00
-3.009496688842773438e+00
-3.288438558578491211e+00
-4.253154754638671875e+00
-4.515867233276367188e+00
-3.613975524902343750e+00
-5.036029815673828125e+00
-3.747955083847045898e+00
-3.852492809295654297e+00
-3.605433702468872070e+00
-2.583653450012207031e+00
-2.467190265655517578e+00
-3.407103538513183594e+00
-2.417654037475585938e+00
-3.321380138397216797e+00
-4.330224037170410156e+00
-4.439621448516845703e+00
-3.672913551330566406e+00
-4.203332901000976562e+00
-3.852149963378906250e+00
-4.382084846496582031e+00
-4.420651435852050781e+00
-4.865511894226074219e+00
-4.133630752563476562e+00
-3.803556919097900391e+00
-4.143424034118652344e+00
-3.374097824096679688e+00
-3.709675312042236328e+00
-3.328695774078369141e+00
-3.957522869110107422e+00
-4.111831665039062500e+00
-4.213773250579833984e+00
-3.969795227050781250e+00
-3.799377441406250000e+00
-3.903764247894287109e+00
-4.290199756622314453e+00
-4.152315616607666016e+00
-4.384414672851562500e+00
-4.124210357666015625e+00
-4.447491645812988281e+00
-3.928782224655151367e+00
-4.412632942199707031e+00
-4.123065948486328125e+00
-3.171359300613403320e+00
-4.218537330627441406e+00
-3.808571815490722656e+00
-3.497569084167480469e+00
-4.422895431518554688e+00
-4.433348655700683594e+00
-4.284243106842041016e+00
-4.643012046813964844e+00
-4.134123325347900391e+00
-4.217798709869384766e+00
-4.129639625549316406e+00
-4.174636840820312500e+00
-3.303215026855468750e+00
-4.387584686279296875e+00
-4.156723022460937500e+00
-4.361392021179199219e+00
-3.494725704193115234e+00
-3.361356973648071289e+00
-4.549182891845703125e+00
-4.419742584228515625e+00
-4.243950366973876953e+00
-4.067619323730468750e+00
-3.945287466049194336e+00
-4.019917488098144531e+00
-3.888910293579101562e+00
-3.703534126281738281e+00
-4.258749485015869141e+00
-4.359757423400878906e+00
-4.541683673858642578e+00
-5.127038478851318359e+00
-4.838525295257568359e+00
-4.760791301727294922e+00
-4.018193244934082031e+00
-3.879313468933105469e+00
-4.116803646087646484e+00
-4.079310894012451172e+00
-4.669269561767578125e+00
-4.896093368530273438e+00
-4.423134803771972656e+00
-5.510784149169921875e+00
-4.533173084259033203e+00
-4.135396957397460938e+00
-4.404167175292968750e+00
-4.493564605712890625e+00
-4.327302932739257812e+00
-3.886607646942138672e+00
-4.144195079803466797e+00
-3.539431095123291016e+00
-4.184406280517578125e+00
-4.210443973541259766e+00
-4.688261032104492188e+00
-4.676004886627197266e+00
-5.088636398315429688e+00
-4.965295791625976562e+00
-5.494759559631347656e+00
-4.583052635192871094e+00
-4.312459945678710938e+00
-3.763539791107177734e+00
-3.939311027526855469e+00
-4.100067615509033203e+00
-4.210184574127197266e+00
-4.294878005981445312e+00
-4.758103370666503906e+00
-5.060391902923583984e+00
-5.368396759033203125e+00
-5.344930648803710938e+00
-4.667540073394775391e+00
-4.491769790649414062e+00
-4.102557182312011719e+00
-4.568405628204345703e+00
-4.476971626281738281e+00
-4.082935333251953125e+00
-4.795982360839843750e+00
-4.333855152130126953e+00
-4.182263374328613281e+00
-4.841276168823242188e+00
-4.499811172485351562e+00
-4.492736816406250000e+00
-4.366396427154541016e+00
-4.618140220642089844e+00
-4.234711647033691406e+00
-4.737523555755615234e+00
-3.696332454681396484e+00
-4.205447196960449219e+00
-4.780739784240722656e+00
-5.493734359741210938e+00
-4.837039947509765625e+00
-4.770823478698730469e+00
-5.414995670318603516e+00
-5.152936458587646484e+00
-4.937911987304687500e+00
-5.001863002777099609e+00
-4.475653171539306641e+00
-4.845691680908203125e+00
-4.745726108551025391e+00
-4.960195541381835938e+00
-4.859189033508300781e+00
-4.828138828277587891e+00
-4.603176116943359375e+00
-4.078381538391113281e+00
-3.956579208374023438e+00
-3.384101390838623047e+00
-4.231927871704101562e+00
-4.677461624145507812e+00
-5.556925773620605469e+00
-5.704838275909423828e+00
-6.285614013671875000e+00
-4.360093116760253906e+00
-4.691883087158203125e+00
-4.401302337646484375e+00
-4.599444389343261719e+00
-4.196396350860595703e+00
-5.167021751403808594e+00
-4.910430431365966797e+00
-4.188786983489990234e+00
-5.176883697509765625e+00
-5.361897945404052734e+00
-4.608524322509765625e+00
-4.535283565521240234e+00
-4.840413093566894531e+00
-4.816865921020507812e+00
-4.265547275543212891e+00
-5.510710716247558594e+00
-4.956418514251708984e+00
-4.535402297973632812e+00
-4.579953193664550781e+00
-5.645989894866943359e+00
-4.888627052307128906e+00
-4.653234481811523438e+00
-4.795428276062011719e+00
-4.667637825012207031e+00
-4.796577453613281250e+00
-5.015185356140136719e+00
-5.061308860778808594e+00
-5.590571403503417969e+00
-4.699660778045654297e+00
-5.106727123260498047e+00
-4.816797256469726562e+00
-5.467446327209472656e+00
-5.125957489013671875e+00
-4.814392566680908203e+00
-5.018898010253906250e+00
-4.960622787475585938e+00
-5.801509857177734375e+00
-5.567290306091308594e+00
-5.195157051086425781e+00
-5.177787780761718750e+00
-5.541694641113281250e+00
-6.179665565490722656e+00
-5.566229820251464844e+00
-4.488224029541015625e+00
-5.306767463684082031e+00
-4.840260505676269531e+00
-5.350774765014648438e+00
-5.079765796661376953e+00
-5.565051555633544922e+00
-6.025682449340820312e+00
-5.751740932464599609e+00
-5.625625610351562500e+00
-5.272784233093261719e+00
-5.995774745941162109e+00
-4.962807655334472656e+00
-5.386372566223144531e+00
-5.405125617980957031e+00
-5.818802833557128906e+00
-5.412782192230224609e+00
-5.623898506164550781e+00
-5.247409343719482422e+00
-5.946145534515380859e+00
-6.103553295135498047e+00
-5.748565196990966797e+00
-5.137089252471923828e+00
-5.731494903564453125e+00
-5.120282649993896484e+00
-5.489317893981933594e+00
-5.729593753814697266e+00
-5.383529663085937500e+00
-6.054144859313964844e+00
-4.919765472412109375e+00
-5.515897274017333984e+00
-5.562312126159667969e+00
-5.493121147155761719e+00
-5.712898254394531250e+00
-5.548666477203369141e+00
-5.413023948669433594e+00
-4.654621124267578125e+00
-5.325618743896484375e+00
-5.501401424407958984e+00
-5.484658241271972656e+00
-5.276765346527099609e+00
-5.730968475341796875e+00
-5.368102073669433594e+00
-4.936835289001464844e+00
-4.439550399780273438e+00
-5.322470664978027344e+00
-5.656849861145019531e+00
-5.924353599548339844e+00
-5.349812507629394531e+00
-6.106271743774414062e+00
-5.625387191772460938e+00
-4.790051937103271484e+00
-4.864473342895507812e+00
-4.449102878570556641e+00
-5.422675132751464844e+00
-5.258229255676269531e+00
-5.502794265747070312e+00
-5.498898506164550781e+00
-6.381569862365722656e+00
-6.391906738281250000e+00
-6.620636940002441406e+00
-6.884404182434082031e+00
-5.700078010559082031e+00
-5.884627819061279297e+00
-4.988072395324707031e+00
-6.009075164794921875e+00
-5.707753181457519531e+00
-6.005053043365478516e+00
-6.654772758483886719e+00
-5.998722553253173828e+00
-6.866684913635253906e+00
-6.585255622863769531e+00
-6.682461738586425781e+00
-6.330389976501464844e+00
-5.697292327880859375e+00
-5.956452846527099609e+00
-4.764616012573242188e+00
-5.638727188110351562e+00
-5.925620079040527344e+00
-5.784086227416992188e+00
-5.567714691162109375e+00
-6.404580116271972656e+00
-5.883299827575683594e+00
-6.350777626037597656e+00
-6.125885009765625000e+00
-6.079372882843017578e+00
-6.185397624969482422e+00
-5.950652599334716797e+00
-5.771088600158691406e+00
-4.905393600463867188e+00
-6.170296192169189453e+00
-5.582378387451171875e+00
-5.977229118347167969e+00
-5.018197059631347656e+00
-6.278390407562255859e+00
-6.144685745239257812e+00
-5.738889217376708984e+00
-5.865568161010742188e+00
-5.927514076232910156e+00
-6.195881843566894531e+00
-6.121161460876464844e+00
-5.901422500610351562e+00
-6.296779632568359375e+00
-6.550527572631835938e+00
-5.582014560699462891e+00
-5.796601772308349609e+00
-5.969468116760253906e+00
-6.161833286285400391e+00
-6.491373062133789062e+00
-6.362284183502197266e+00
-6.682078361511230469e+00
-7.375969886779785156e+00
-6.964865684509277344e+00
-6.978049278259277344e+00
-7.091618537902832031e+00
-6.374720096588134766e+00
-6.140870094299316406e+00
-6.168079376220703125e+00
-6.198607921600341797e+00
-7.134597778320312500e+00
-6.731248378753662109e+00
-6.782410621643066406e+00
-6.922949790954589844e+00
-5.929563522338867188e+00
-6.240861892700195312e+00
-5.934432029724121094e+00
-5.991155624389648438e+00
-4.889100074768066406e+00
-5.892476558685302734e+00
-5.876908302307128906e+00
-6.035946846008300781e+00
-5.904781341552734375e+00
-5.627692222595214844e+00
-6.256068229675292969e+00
-5.796478271484375000e+00
-5.359196186065673828e+00
-5.747351646423339844e+00
-5.164719581604003906e+00
-5.234001636505126953e+00
-5.708453178405761719e+00
-5.595254898071289062e+00
-5.758288383483886719e+00
-6.068019866943359375e+00
-6.338612556457519531e+00
-5.787197113037109375e+00
-6.949346542358398438e+00
-7.099473953247070312e+00
-6.564457416534423828e+00
-7.199690341949462891e+00
-6.362454414367675781e+00
-6.286225318908691406e+00
-5.699277400970458984e+00
-5.701718807220458984e+00
-6.431280136108398438e+00
-6.206046581268310547e+00
-6.514129638671875000e+00
-6.070626735687255859e+00
-6.106843948364257812e+00
-6.015930175781250000e+00
-5.411584854125976562e+00
-5.344300270080566406e+00
-5.018263816833496094e+00
-4.915555000305175781e+00
-5.079129219055175781e+00
-5.835881233215332031e+00
-5.145390510559082031e+00
-5.513643264770507812e+00
-5.361989498138427734e+00
-6.541533470153808594e+00
-6.902958869934082031e+00
-5.235247611999511719e+00
-6.262531280517578125e+00
-5.573958396911621094e+00
-5.856985569000244141e+00
-5.165831089019775391e+00
-5.953288078308105469e+00
-7.014669895172119141e+00
-6.765622615814208984e+00
-6.592013835906982422e+00
-6.983664035797119141e+00
-7.091676235198974609e+00
-6.302483558654785156e+00
-6.017807006835937500e+00
-6.277476310729980469e+00
-6.325528144836425781e+00
-5.932450771331787109e+00
-6.144598007202148438e+00
-6.843314170837402344e+00
-7.073971271514892578e+00
-7.170582771301269531e+00
-6.981587886810302734e+00
-6.382555961608886719e+00
-6.434876441955566406e+00
-5.890130043029785156e+00
-6.307658195495605469e+00
-5.932999610900878906e+00
-5.928763389587402344e+00
-6.179667472839355469e+00
-6.589033603668212891e+00
-6.334635257720947266e+00
-6.231799125671386719e+00
-6.154458522796630859e+00
-5.770232200622558594e+00
-6.543465614318847656e+00
-6.228659629821777344e+00
-6.462313652038574219e+00
-6.758984565734863281e+00
-6.137655258178710938e+00
-5.983559608459472656e+00
-6.318441390991210938e+00
-6.052989959716796875e+00
-6.083528041839599609e+00
-7.151074409484863281e+00
-7.408823013305664062e+00
-7.185472488403320312e+00
-7.629020690917968750e+00
-6.859274864196777344e+00
-6.035370349884033203e+00
-5.928406238555908203e+00
-5.793931961059570312e+00
-5.424664497375488281e+00
-6.036137104034423828e+00
-5.137051105499267578e+00
-6.049722671508789062e+00
-7.116683483123779297e+00
-7.672513484954833984e+00
-8.323577880859375000e+00
-7.067693710327148438e+00
-7.383920669555664062e+00
-6.768205642700195312e+00
-6.297585010528564453e+00
-5.168121337890625000e+00
-5.898823261260986328e+00
-5.511582851409912109e+00
-6.877067565917968750e+00
-7.351919174194335938e+00
-7.651759147644042969e+00
-7.275181770324707031e+00
-6.202504158020019531e+00
-7.501068592071533203e+00
-6.823383331298828125e+00
-6.173217773437500000e+00
-6.739881992340087891e+00
-6.411091804504394531e+00
-6.855824470520019531e+00
-6.455468177795410156e+00
-6.700499534606933594e+00
-7.192870616912841797e+00
-6.881419181823730469e+00
-6.396189689636230469e+00
-6.749934673309326172e+00
-5.562173366546630859e+00
-5.786146163940429688e+00
-5.674079895019531250e+00
-5.734850406646728516e+00
-6.376367568969726562e+00
-5.766527175903320312e+00
-6.617767333984375000e+00
-6.157477378845214844e+00
-6.392930984497070312e+00
-6.771785736083984375e+00
-5.895863533020019531e+00
-5.658280372619628906e+00
-7.088042259216308594e+00
-6.757922172546386719e+00
-7.426728248596191406e+00
-6.299422740936279297e+00
-6.388360977172851562e+00
-5.934474945068359375e+00
-6.209633827209472656e+00
-5.933061599731445312e+00
-6.226576805114746094e+00
-7.234554767608642578e+00
-7.318836212158203125e+00
-7.795302391052246094e+00
-6.810598850250244141e+00
-6.439614772796630859e+00
-5.051427364349365234e+00
-5.656431674957275391e+00
-5.763767242431640625e+00
-5.491301536560058594e+00
-5.881556034088134766e+00
-7.270843505859375000e+00
-6.729196548461914062e+00
-7.680698394775390625e+00
-7.658385753631591797e+00
-6.226114273071289062e+00
-6.504389762878417969e+00
-6.261015415191650391e+00
-6.041864871978759766e+00
-6.724305152893066406e+00
-7.080205917358398438e+00
-6.799695014953613281e+00
-7.276055335998535156e+00
-7.673138141632080078e+00
-6.941143512725830078e+00
-6.765854835510253906e+00
-6.093137264251708984e+00
-6.560114383697509766e+00
-7.255135536193847656e+00
-6.869109153747558594e+00
-6.852830886840820312e+00
-7.222681522369384766e+00
-7.094573020935058594e+00
-8.112126350402832031e+00
-6.606154441833496094e+00
-6.733208179473876953e+00
-6.401819229125976562e+00
-6.040913581848144531e+00
-5.684246063232421875e+00
-6.632798194885253906e+00
-7.094377517700195312e+00
-6.989235877990722656e+00
-7.764720439910888672e+00
-7.856170654296875000e+00
-7.741475105285644531e+00
-7.041050910949707031e+00
-7.296822547912597656e+00
-7.187361240386962891e+00
-7.632528305053710938e+00
-6.911879539489746094e+00
-6.687827110290527344e+00
-6.938201904296875000e+00
-7.335751533508300781e+00
-7.206968307495117188e+00
-7.330369949340820312e+00
-7.992399692535400391e+00
-7.541551589965820312e+00
-8.587182044982910156e+00
-7.081796169281005859e+00
-7.330489158630371094e+00
-7.069892406463623047e+00
-8.010062217712402344e+00
-7.700997829437255859e+00
-7.527986049652099609e+00
-7.746527194976806641e+00
-7.972668647766113281e+00
-6.956331729888916016e+00
-7.381561756134033203e+00
-7.798785209655761719e+00
-7.403294086456298828e+00
-7.633025169372558594e+00
-7.056372165679931641e+00
-7.203569412231445312e+00
-6.849591255187988281e+00
-7.186796188354492188e+00
-7.457544326782226562e+00
-7.436189651489257812e+00
-7.634700298309326172e+00
-8.632218360900878906e+00
-8.884006500244140625e+00
-8.840753555297851562e+00
-9.821052551269531250e+00
-7.948965072631835938e+00
-7.105360984802246094e+00
-7.200833797454833984e+00
-7.275512695312500000e+00
-7.334827423095703125e+00
-7.145452976226806641e+00
-7.703281402587890625e+00
-6.896013736724853516e+00
-7.523657798767089844e+00
-6.489800453186035156e+00
-6.676447391510009766e+00
-7.001456260681152344e+00
-6.783250808715820312e+00
-8.276180267333984375e+00
-8.198280334472656250e+00
-8.606902122497558594e+00
-7.544768333435058594e+00
-8.038264274597167969e+00
-7.380533218383789062e+00
-7.261391639709472656e+00
-8.038856506347656250e+00
-8.023119926452636719e+00
-8.293668746948242188e+00
-8.455186843872070312e+00
-9.106101036071777344e+00
-8.638933181762695312e+00
-8.924864768981933594e+00
-9.267970085144042969e+00
-7.097785472869873047e+00
-8.187852859497070312e+00
-7.914767265319824219e+00
-8.747691154479980469e+00
-8.590288162231445312e+00
-8.427608489990234375e+00
-8.654809951782226562e+00
-8.051731109619140625e+00
-7.984547615051269531e+00
-7.927550792694091797e+00
-7.554039478302001953e+00
-8.664320945739746094e+00
-8.608895301818847656e+00
-7.299250125885009766e+00
-8.721111297607421875e+00
-8.629980087280273438e+00
-8.319370269775390625e+00
-8.484514236450195312e+00
-8.698720932006835938e+00
-8.071290969848632812e+00
-8.368231773376464844e+00
-7.591253757476806641e+00
-7.956933975219726562e+00
-8.018594741821289062e+00
-7.855475425720214844e+00
-7.801299571990966797e+00
-8.554406166076660156e+00
-7.784784793853759766e+00
-7.551370620727539062e+00
-7.302597045898437500e+00
-7.586386680603027344e+00
-8.257444381713867188e+00
-7.613876342773437500e+00
-8.910794258117675781e+00
-8.995412826538085938e+00
-9.189330101013183594e+00
-8.382963180541992188e+00
-8.254422187805175781e+00
-8.046427726745605469e+00
-8.350208282470703125e+00
-8.543384552001953125e+00
-7.461884975433349609e+00
-8.003118515014648438e+00
-8.416655540466308594e+00
-8.566222190856933594e+00
-8.272634506225585938e+00
-8.216320991516113281e+00
-8.473079681396484375e+00
-7.737502098083496094e+00
-8.277870178222656250e+00
-7.849309444427490234e+00
-8.156880378723144531e+00
-7.425771713256835938e+00
-8.541043281555175781e+00
-9.436731338500976562e+00
-8.326284408569335938e+00
-8.251770019531250000e+00
-7.204806804656982422e+00
-7.534863471984863281e+00
-8.315727233886718750e+00
-8.123753547668457031e+00
-7.785072326660156250e+00
-8.665527343750000000e+00
-7.622129440307617188e+00
-7.351604938507080078e+00
-8.033946037292480469e+00
-8.001276969909667969e+00
-7.832472801208496094e+00
-8.367492675781250000e+00
-7.613572120666503906e+00
-8.678466796875000000e+00
-8.579685211181640625e+00
-8.892341613769531250e+00
-9.257578849792480469e+00
-8.595170021057128906e+00
-8.750518798828125000e+00
-7.977329254150390625e+00
-7.794224739074707031e+00
-8.563140869140625000e+00
-8.467768669128417969e+00
-8.583870887756347656e+00
-8.001792907714843750e+00
-8.457003593444824219e+00
-8.667432785034179688e+00
-8.566883087158203125e+00
-7.456498146057128906e+00
-8.570118904113769531e+00
-9.502271652221679688e+00
-8.862319946289062500e+00
-8.217706680297851562e+00
-8.561028480529785156e+00
-8.692900657653808594e+00
-8.263048171997070312e+00
-8.119548797607421875e+00
-8.569513320922851562e+00
-8.568964004516601562e+00
-8.979969024658203125e+00
-7.717694759368896484e+00
-7.500434875488281250e+00
-8.889864921569824219e+00
-8.229215621948242188e+00
-8.882184982299804688e+00
-8.270312309265136719e+00
-7.852343082427978516e+00
-8.346264839172363281e+00
-7.637597084045410156e+00
-8.445640563964843750e+00
-7.843977928161621094e+00
-8.204722404479980469e+00
-7.756719112396240234e+00
-8.365026473999023438e+00
-7.814736366271972656e+00
-9.037021636962890625e+00
-7.427416324615478516e+00
-7.925202369689941406e+00
-8.862426757812500000e+00
-9.312036514282226562e+00
-8.485109329223632812e+00
-9.961252212524414062e+00
-8.971914291381835938e+00
-8.856484413146972656e+00
-9.354504585266113281e+00
-8.259871482849121094e+00
-8.492851257324218750e+00
-8.082530975341796875e+00
-8.207786560058593750e+00
-8.638116836547851562e+00
-8.699093818664550781e+00
-8.614074707031250000e+00
-9.081028938293457031e+00
-8.695131301879882812e+00
-8.950218200683593750e+00
-8.837035179138183594e+00
-8.625285148620605469e+00
-8.234871864318847656e+00
-8.192745208740234375e+00
-8.511343955993652344e+00
-8.489585876464843750e+00
-8.598872184753417969e+00
-8.987936973571777344e+00
-9.499650955200195312e+00
-7.979650020599365234e+00
-9.778759002685546875e+00
-9.031617164611816406e+00
-8.728714942932128906e+00
-8.452920913696289062e+00
-8.560390472412109375e+00
-8.812206268310546875e+00
-8.892813682556152344e+00
-9.216539382934570312e+00
-9.554729461669921875e+00
-8.921079635620117188e+00
-9.198997497558593750e+00
-8.742179870605468750e+00
-7.754117488861083984e+00
-7.907102584838867188e+00
-8.056610107421875000e+00
-9.092106819152832031e+00
-9.062093734741210938e+00
-8.447796821594238281e+00
-9.039779663085937500e+00
-9.748531341552734375e+00
-9.844209671020507812e+00
-8.528684616088867188e+00
-1.007442474365234375e+01
-8.088226318359375000e+00
-8.264758110046386719e+00
-9.768520355224609375e+00
-9.306806564331054688e+00
-9.112318038940429688e+00
-9.434902191162109375e+00
-9.971933364868164062e+00
-9.826116561889648438e+00
-9.093893051147460938e+00
-9.223576545715332031e+00
-8.348442077636718750e+00
-8.571595191955566406e+00
-9.084714889526367188e+00
-9.206714630126953125e+00
-9.031640052795410156e+00
-8.589995384216308594e+00
-9.344947814941406250e+00
-8.753787994384765625e+00
-8.454587936401367188e+00
-9.259284973144531250e+00
-9.002390861511230469e+00
-9.706655502319335938e+00
-9.724669456481933594e+00
-8.939531326293945312e+00
-8.951049804687500000e+00
-9.742976188659667969e+00
-8.783102989196777344e+00
-8.540431022644042969e+00
-8.908882141113281250e+00
-9.824336051940917969e+00
-9.290573120117187500e+00
-9.222013473510742188e+00
-9.169797897338867188e+00
-9.470694541931152344e+00
-9.436860084533691406e+00
-9.133826255798339844e+00
-9.385919570922851562e+00
-8.910533905029296875e+00
-8.805908203125000000e+00
-9.638106346130371094e+00
-9.718904495239257812e+00
-9.108269691467285156e+00
-8.876325607299804688e+00
-8.862387657165527344e+00
-9.459802627563476562e+00
-9.416868209838867188e+00
-9.957704544067382812e+00
-8.777996063232421875e+00
-8.467878341674804688e+00
-8.500980377197265625e+00
-9.925466537475585938e+00
-8.775243759155273438e+00
-1.049314689636230469e+01
-1.047295761108398438e+01
-1.005447006225585938e+01
-1.017944049835205078e+01
-1.020146942138671875e+01
-9.473905563354492188e+00
-9.482988357543945312e+00
-8.914501190185546875e+00
-7.852891921997070312e+00
-9.813726425170898438e+00
-8.875470161437988281e+00
-9.246438980102539062e+00
-9.098482131958007812e+00
-9.875194549560546875e+00
-1.024839019775390625e+01
-9.165953636169433594e+00
-9.719784736633300781e+00
-9.235433578491210938e+00
-8.736591339111328125e+00
-9.782912254333496094e+00
-1.018832015991210938e+01
-1.006682968139648438e+01
-1.023615360260009766e+01
-1.089784717559814453e+01
-1.058524894714355469e+01
-1.039801692962646484e+01
-9.423631668090820312e+00
-9.518027305603027344e+00
-9.717621803283691406e+00
-9.537629127502441406e+00
-9.993869781494140625e+00
-9.224181175231933594e+00
-7.972892761230468750e+00
-9.920968055725097656e+00
-1.039269924163818359e+01
-1.071087646484375000e+01
-9.958644866943359375e+00
-1.016578578948974609e+01
-1.034286975860595703e+01
-8.439601898193359375e+00
-9.371159553527832031e+00
-9.858972549438476562e+00
-1.042632102966308594e+01
-9.276285171508789062e+00
-1.022620391845703125e+01
-1.024183082580566406e+01
-8.790267944335937500e+00
-9.560125350952148438e+00
-9.083245277404785156e+00
-8.240537643432617188e+00
-8.947503089904785156e+00
-1.011526012420654297e+01
-1.043166732788085938e+01
-1.034202957153320312e+01
-9.874826431274414062e+00
-9.316389083862304688e+00
-1.043891906738281250e+01
-1.124871444702148438e+01
-1.120497703552246094e+01
-8.329854965209960938e+00
-1.036847305297851562e+01
-1.098989486694335938e+01
-1.027949047088623047e+01
-1.010925197601318359e+01
-1.046128273010253906e+01
-1.046185684204101562e+01
-1.032178401947021484e+01
-9.758104324340820312e+00
-1.077759265899658203e+01
-9.087741851806640625e+00
-1.000623416900634766e+01
-9.885139465332031250e+00
-9.222835540771484375e+00
-8.631846427917480469e+00
-1.005261230468750000e+01
-1.023166847229003906e+01
-8.788681983947753906e+00
-1.061536884307861328e+01
-9.618772506713867188e+00
-1.001001930236816406e+01
-1.014633560180664062e+01
-9.125333786010742188e+00
-8.290206909179687500e+00
-9.738002777099609375e+00
-8.997497558593750000e+00
-9.654939651489257812e+00
-9.803071975708007812e+00
-9.263222694396972656e+00
-1.002410316467285156e+01
-1.018732833862304688e+01
-1.067864513397216797e+01
-1.088122177124023438e+01
-9.944763183593750000e+00
-9.097954750061035156e+00
-1.034886932373046875e+01
-1.041798973083496094e+01
-1.077491378784179688e+01
-1.093281745910644531e+01
-1.059248352050781250e+01
-1.008611774444580078e+01
-1.021549797058105469e+01
-1.079457855224609375e+01
-1.125175857543945312e+01
-1.119075393676757812e+01
-9.754676818847656250e+00
-1.043509483337402344e+01
-1.078309535980224609e+01
-9.935239791870117188e+00
-1.085925865173339844e+01
-1.166279983520507812e+01
-1.089730167388916016e+01
-1.128653144836425781e+01
-1.033016109466552734e+01
-1.072384262084960938e+01
-9.983882904052734375e+00
-9.850204467773437500e+00
-1.045593643188476562e+01
-1.052865505218505859e+01
-1.152644252777099609e+01
-1.083304119110107422e+01
-1.119935607910156250e+01
-1.095456504821777344e+01
-1.155398559570312500e+01
-1.022302055358886719e+01
-1.089784812927246094e+01
-1.071710586547851562e+01
-1.057338428497314453e+01
-8.663032531738281250e+00
-9.384224891662597656e+00
-9.525064468383789062e+00
-9.439003944396972656e+00
-1.263884449005126953e+01
-1.078693485260009766e+01
-1.209049034118652344e+01
-1.114379501342773438e+01
-1.048819351196289062e+01
-9.511422157287597656e+00
-1.110742759704589844e+01
-1.202138519287109375e+01
-1.108908462524414062e+01
-1.101244449615478516e+01
-9.757150650024414062e+00
-1.165718746185302734e+01
-1.112010955810546875e+01
-1.141752910614013672e+01
-1.174719810485839844e+01
-1.071971988677978516e+01
-8.687345504760742188e+00
-1.104782295227050781e+01
-9.574460983276367188e+00
-1.118814277648925781e+01
-1.253083038330078125e+01
-1.148483180999755859e+01
-1.072020149230957031e+01
-1.183676338195800781e+01
-1.020024490356445312e+01
-1.077569007873535156e+01
-1.014466094970703125e+01
-1.086435317993164062e+01
-1.058745574951171875e+01
-1.154803466796875000e+01
-1.105316162109375000e+01
-1.197658443450927734e+01
-1.070504474639892578e+01
-1.076912784576416016e+01
-1.168312263488769531e+01
-1.083473968505859375e+01
-1.117037677764892578e+01
-1.042098426818847656e+01
-1.104539680480957031e+01
-1.152761077880859375e+01
-1.093979454040527344e+01
-1.088389587402343750e+01
-1.119343185424804688e+01
-9.737813949584960938e+00
-8.509223937988281250e+00
-9.405177116394042969e+00
-8.305420875549316406e+00
-9.619834899902343750e+00
-9.798163414001464844e+00
-1.054211997985839844e+01
-1.008824539184570312e+01
-1.128555870056152344e+01
-1.135726737976074219e+01
-1.003465938568115234e+01
-1.014410018920898438e+01
-9.221158027648925781e+00
-1.013199996948242188e+01
-9.914424896240234375e+00
-1.091261482238769531e+01
-1.075154781341552734e+01
-1.108882331848144531e+01
-1.170962524414062500e+01
-1.054013633728027344e+01
-1.093679046630859375e+01
-1.149195480346679688e+01
-1.036747741699218750e+01
-1.206626224517822266e+01
-1.112013053894042969e+01
-1.211290931701660156e+01
-1.226414680480957031e+01
-1.221720123291015625e+01
-1.196464920043945312e+01
-1.163656616210937500e+01
-1.174341392517089844e+01
-1.129035758972167969e+01
-1.169102859497070312e+01
-1.147468566894531250e+01
-1.175227451324462891e+01
-1.201854705810546875e+01
-1.304487228393554688e+01
-1.037144470214843750e+01
-1.098886680603027344e+01
-1.137794303894042969e+01
-1.128772449493408203e+01
-1.108279991149902344e+01
-1.240236282348632812e+01
-1.222517776489257812e+01
-1.142144680023193359e+01
-1.005791664123535156e+01
-1.177088260650634766e+01
-1.205862712860107422e+01
-1.297363185882568359e+01
-1.319183254241943359e+01
-1.305743026733398438e+01
-1.442483329772949219e+01
-1.470710849761962891e+01
-1.481347084045410156e+01
-1.371214389801025391e+01
-1.485668945312500000e+01
-1.579682540893554688e+01
-1.528395557403564453e+01
-1.596477127075195312e+01
-1.868840408325195312e+01
-1.781364822387695312e+01
-1.809498977661132812e+01
-2.011531829833984375e+01
-1.956139373779296875e+01
-1.927795219421386719e+01
-2.191352844238281250e+01
-2.207258224487304688e+01
-2.339750671386718750e+01
-2.000040817260742188e+01
-2.315015792846679688e+01
-2.320409774780273438e+01
-2.428222656250000000e+01
-2.580466842651367188e+01
-2.578389739990234375e+01
-2.801526260375976562e+01
-2.634582328796386719e+01
-2.724706077575683594e+01
-2.322724151611328125e+01
-2.005672073364257812e+01
-1.765695381164550781e+01
-1.777163887023925781e+01
-1.743284606933593750e+01
-1.817191123962402344e+01
-1.636286354064941406e+01
-1.747413253784179688e+01
-1.498499393463134766e+01
1.464768218994140625e+01
3.345577621459960938e+01
2.486371803283691406e+01
1.541974830627441406e+01
6.013187885284423828e+00
2.294725418090820312e+00
-1.398906230926513672e+00
-6.080737590789794922e+00
-1.213407611846923828e+01
-7.640895366668701172e+00
-3.217733860015869141e+00
4.896105766296386719e+00
3.319510698318481445e+00
6.682688713073730469e+00
5.652659416198730469e+00
6.144148826599121094e+00
4.754278659820556641e+00
2.444155693054199219e+00
3.077348947525024414e+00
4.835569858551025391e+00
9.099932670593261719e+00
1.202587127685546875e+01
2.849031209945678711e+00
5.464364051818847656e+00
-2.665919065475463867e+00
-4.260777473449707031e+00
-3.948978900909423828e+00
-6.845723152160644531e+00
-6.758245468139648438e+00
-9.565008163452148438e+00
-8.682676315307617188e+00
-9.778291702270507812e+00
-8.446964263916015625e+00
-9.924365997314453125e+00
-1.059091567993164062e+01
-7.662043571472167969e+00
-1.061373233795166016e+01
-1.153888797760009766e+01
-1.181159210205078125e+01
-1.240370941162109375e+01
-1.225254631042480469e+01
-1.070593929290771484e+01
-1.098521041870117188e+01
-1.177091884613037109e+01
-1.001472473144531250e+01
-8.699780464172363281e+00
-1.143307685852050781e+01
-1.262623310089111328e+01
-1.142244052886962891e+01
-1.129164886474609375e+01
-1.317924213409423828e+01
-1.291108131408691406e+01
-1.319110298156738281e+01
-1.130240631103515625e+01
-1.471784210205078125e+01
-1.261923599243164062e+01
-1.072114372253417969e+01
-9.323638916015625000e+00
-8.268939018249511719e+00
-8.030261993408203125e+00
-6.161065101623535156e+00
-5.603996276855468750e+00
-5.218640327453613281e+00
-7.960540771484375000e+00
-9.241582870483398438e+00
-1.056371212005615234e+01
-1.025819015502929688e+01
-1.045904064178466797e+01
-1.080090618133544922e+01
-1.062784385681152344e+01
-1.111328601837158203e+01
-1.238917160034179688e+01
-1.165487766265869141e+01
-1.079871559143066406e+01
-1.098665809631347656e+01
-8.992758750915527344e+00
-9.861223220825195312e+00
-1.006625461578369141e+01
-1.032592582702636719e+01
-9.693261146545410156e+00
-1.255578613281250000e+01
-1.251890277862548828e+01
-1.251479721069335938e+01
-1.281001949310302734e+01
-1.134849834442138672e+01
-1.041884422302246094e+01
-1.129039669036865234e+01
-1.103912544250488281e+01
-9.658354759216308594e+00
-1.136230468750000000e+01
-1.245178222656250000e+01
-1.233460807800292969e+01
-1.093846702575683594e+01
-1.157151985168457031e+01
-1.089809417724609375e+01
-1.048654174804687500e+01
-1.119504165649414062e+01
-1.111458587646484375e+01
-1.236846256256103516e+01
-1.213959121704101562e+01
-1.182115554809570312e+01
-1.131225776672363281e+01
-1.273810291290283203e+01
-1.089386081695556641e+01
-1.298605918884277344e+01
-1.379123497009277344e+01
-1.389671897888183594e+01
-1.396446990966796875e+01
-1.457390594482421875e+01
-1.321187973022460938e+01
-1.297490978240966797e+01
-1.247596740722656250e+01
-1.315734386444091797e+01
-1.166212558746337891e+01
-1.146920204162597656e+01
-1.018352794647216797e+01
-1.036322689056396484e+01
-9.424760818481445312e+00
-1.018363666534423828e+01
-1.103433990478515625e+01
-9.731392860412597656e+00
-9.603894233703613281e+00
-9.374300003051757812e+00
-1.095150184631347656e+01
-1.224004364013671875e+01
-1.191975498199462891e+01
-1.170034217834472656e+01
-1.272320747375488281e+01
-1.183752059936523438e+01
-1.291986656188964844e+01
-1.238506126403808594e+01
-1.333448505401611328e+01
-1.155490303039550781e+01
-1.387621498107910156e+01
-1.389876747131347656e+01
-1.534717178344726562e+01
-1.393847846984863281e+01
-1.330064201354980469e+01
-1.436649990081787109e+01
-1.510762023925781250e+01
-1.501406860351562500e+01
-1.355594062805175781e+01
-1.615985298156738281e+01
-1.478551483154296875e+01
-1.392614555358886719e+01
-1.209015274047851562e+01
-1.229071998596191406e+01
-1.044319343566894531e+01
-1.147111415863037109e+01
-1.068972492218017578e+01
-1.217705059051513672e+01
-1.189887428283691406e+01
-1.082263565063476562e+01
-1.170886325836181641e+01
-1.013013935089111328e+01
-1.068559837341308594e+01
-1.062137508392333984e+01
-1.165135288238525391e+01
-1.130398178100585938e+01
-1.246145629882812500e+01
-1.287214946746826172e+01
-1.257441139221191406e+01
-1.291396522521972656e+01
-1.241899204254150391e+01
-1.137535285949707031e+01
-1.036448860168457031e+01
-1.265783500671386719e+01
-1.429767608642578125e+01
-1.602717590332031250e+01
-1.653835296630859375e+01
-1.781489181518554688e+01
-1.483756160736083984e+01
-1.434524536132812500e+01
-1.444422817230224609e+01
-1.408640670776367188e+01
-1.264002323150634766e+01
-1.422192382812500000e+01
-1.314669132232666016e+01
-1.339680290222167969e+01
-1.190912628173828125e+01
-1.130845737457275391e+01
-1.101734733581542969e+01
-1.154624557495117188e+01
-1.085324859619140625e+01
-1.204611396789550781e+01
-9.269491195678710938e+00
-1.271523475646972656e+01
-1.194850540161132812e+01
-1.450570964813232422e+01
-1.338609313964843750e+01
-1.155630111694335938e+01
-1.083858680725097656e+01
-1.122879219055175781e+01
-1.011959362030029297e+01
-1.039373111724853516e+01
-1.043795394897460938e+01
-1.126112651824951172e+01
-1.145295238494873047e+01
-1.017983245849609375e+01
-9.456948280334472656e+00
-1.267321681976318359e+01
-1.115680503845214844e+01
-1.219705677032470703e+01
-1.263802337646484375e+01
-1.481584930419921875e+01
-1.371228790283203125e+01
-1.538736152648925781e+01
-1.687238311767578125e+01
-1.242595577239990234e+01
-9.463101387023925781e+00
-1.040758705139160156e+01
-8.796886444091796875e+00
-6.026750564575195312e+00
-6.057661056518554688e+00
-7.968549251556396484e+00
-9.811565399169921875e+00
-1.024417114257812500e+01
-9.803197860717773438e+00
-9.533985137939453125e+00
-1.152122879028320312e+01
-8.383436203002929688e+00
-8.195306777954101562e+00
-9.282946586608886719e+00
-1.022006225585937500e+01
-9.252941131591796875e+00
-1.239686870574951172e+01
-1.293510246276855469e+01
-1.259382343292236328e+01
-1.244819259643554688e+01
-1.227998352050781250e+01
-1.178380012512207031e+01
-1.239568042755126953e+01
-1.155220794677734375e+01
-1.230636692047119141e+01
-1.132727050781250000e+01
-1.238420104980468750e+01
-1.138566112518310547e+01
-1.197803306579589844e+01
-1.053407955169677734e+01
-1.156404018402099609e+01
-1.316650390625000000e+01
-1.248983764648437500e+01
-1.130517005920410156e+01
-1.279127502441406250e+01
-1.489803695678710938e+01
-1.232250022888183594e+01
-9.914279937744140625e+00
-1.160642051696777344e+01
-1.028280353546142578e+01
-1.139146041870117188e+01
-1.412644195556640625e+01
-1.375229644775390625e+01
-1.293099594116210938e+01
-1.360515880584716797e+01
-1.179444313049316406e+01
-1.237045383453369141e+01
-1.243422222137451172e+01
-1.255594921112060547e+01
-1.236825466156005859e+01
-1.291319656372070312e+01
-1.210462474822998047e+01
-1.287142276763916016e+01
-1.379794692993164062e+01
-1.116864204406738281e+01
-1.181491088867187500e+01
-1.344749069213867188e+01
-1.249006652832031250e+01
-1.204598808288574219e+01
-1.268460845947265625e+01
-1.201487922668457031e+01
-1.170992565155029297e+01
-1.332366180419921875e+01
-1.286226844787597656e+01
-1.236857414245605469e+01
-1.383839130401611328e+01
-1.181285476684570312e+01
-1.283015632629394531e+01
-1.112178611755371094e+01
-1.208646965026855469e+01
-1.215800857543945312e+01
-1.381379699707031250e+01
-1.267148303985595703e+01
-1.296797180175781250e+01
-1.435267448425292969e+01
-1.353423213958740234e+01
-1.190293884277343750e+01
-1.245368194580078125e+01
-1.163736248016357422e+01
-1.104599189758300781e+01
-1.220367050170898438e+01
-1.273754501342773438e+01
-1.345180416107177734e+01
-1.335190105438232422e+01
-1.454036903381347656e+01
-1.222889804840087891e+01
-1.275708103179931641e+01
-1.182716560363769531e+01
-1.211372947692871094e+01
-1.165766620635986328e+01
-1.436135482788085938e+01
-1.454027557373046875e+01
-1.317335414886474609e+01
-1.298654556274414062e+01
-1.113477039337158203e+01
-1.331813049316406250e+01
-1.205695629119873047e+01
-1.296823596954345703e+01
-1.476921844482421875e+01
-1.391032600402832031e+01
-1.453272628784179688e+01
-1.529605865478515625e+01
-1.410981750488281250e+01
-1.292646598815917969e+01
-1.420986747741699219e+01
-1.516963863372802734e+01
-1.372236442565917969e+01
-1.214831542968750000e+01
-1.559764099121093750e+01
-1.385509681701660156e+01
-1.455417060852050781e+01
-1.491849708557128906e+01
-1.526313209533691406e+01
-1.423586273193359375e+01
-1.404858970642089844e+01
-1.294248962402343750e+01
-1.468688964843750000e+01
-1.491135597229003906e+01
-1.488389587402343750e+01
-1.406041622161865234e+01
-1.506980133056640625e+01
-1.375922870635986328e+01
-1.205620956420898438e+01
-1.312576293945312500e+01
-1.283899307250976562e+01
-1.193577480316162109e+01
-1.149794960021972656e+01
-1.321138763427734375e+01
-1.440851593017578125e+01
-1.372221755981445312e+01
-1.323346233367919922e+01
-1.327590847015380859e+01
-1.165967559814453125e+01
-1.149981403350830078e+01
-1.220489501953125000e+01
-1.417333889007568359e+01
-1.396033287048339844e+01
-1.489437294006347656e+01
-1.438657188415527344e+01
-1.286881065368652344e+01
-1.346488380432128906e+01
-1.343409633636474609e+01
-1.301382064819335938e+01
-1.423862075805664062e+01
-1.443845462799072266e+01
-1.365539455413818359e+01
-1.500853729248046875e+01
-1.470478439331054688e+01
-1.358932495117187500e+01
-1.416444396972656250e+01
-1.448630905151367188e+01
-1.255709457397460938e+01
-1.359610366821289062e+01
-1.214986991882324219e+01
-1.565365982055664062e+01
-1.443058586120605469e+01
-1.270964431762695312e+01
-1.438022804260253906e+01
-1.374059295654296875e+01
-1.464471054077148438e+01
-1.363790416717529297e+01
-1.412063121795654297e+01
-1.434552192687988281e+01
-1.253831672668457031e+01
-1.307557201385498047e+01
-1.171089744567871094e+01
-1.146137714385986328e+01
-1.351403331756591797e+01
-1.341251945495605469e+01
-1.464745521545410156e+01
-1.433123588562011719e+01
-1.535895729064941406e+01
-1.225153732299804688e+01
-1.418503952026367188e+01
-1.361168575286865234e+01
-1.236389923095703125e+01
-1.370392799377441406e+01
-1.296622371673583984e+01
-1.175744247436523438e+01
-1.370548820495605469e+01
-1.278416919708251953e+01
-1.526575851440429688e+01
-1.352450466156005859e+01
-1.400962257385253906e+01
-1.398686981201171875e+01
-1.537207889556884766e+01
-1.365924072265625000e+01
-1.409706401824951172e+01
-1.422087860107421875e+01
-1.447873878479003906e+01
-1.287453651428222656e+01
-1.520945739746093750e+01
-1.504816722869873047e+01
-1.475782775878906250e+01
-1.471569633483886719e+01
-1.412816619873046875e+01
-1.362582778930664062e+01
-1.483543395996093750e+01
-1.458495903015136719e+01
-1.448375415802001953e+01
-1.401443862915039062e+01
-1.437485694885253906e+01
-1.421533393859863281e+01
-1.281248760223388672e+01
-1.474699020385742188e+01
-1.464054107666015625e+01
-1.395158958435058594e+01
-1.469771575927734375e+01
-1.515055656433105469e+01
-1.453958511352539062e+01
-1.535444164276123047e+01
-1.506101608276367188e+01
-1.570499801635742188e+01
-1.512475872039794922e+01
-1.573196601867675781e+01
-1.461186981201171875e+01
-1.649735450744628906e+01
-1.531685829162597656e+01
-1.427424716949462891e+01
-1.469713687896728516e+01
-1.489248847961425781e+01
-1.601977729797363281e+01
-1.611872482299804688e+01
-1.688300132751464844e+01
-1.485360527038574219e+01
-1.640543365478515625e+01
-1.474479007720947266e+01
-1.552548027038574219e+01
-1.422588729858398438e+01
-1.290816020965576172e+01
-1.364941787719726562e+01
-1.322116661071777344e+01
-1.425885581970214844e+01
-1.516109943389892578e+01
-1.454498672485351562e+01
-1.600733375549316406e+01
-1.383425140380859375e+01
-1.379445648193359375e+01
-1.471673870086669922e+01
-1.455771064758300781e+01
-1.524348258972167969e+01
-1.564864540100097656e+01
-1.691355514526367188e+01
-1.601730155944824219e+01
-1.567177104949951172e+01
-1.543161582946777344e+01
-1.445578765869140625e+01
-1.551873111724853516e+01
-1.577022838592529297e+01
-1.621360969543457031e+01
-1.708597373962402344e+01
-1.605917739868164062e+01
-1.670110702514648438e+01
-1.733134078979492188e+01
-1.616377067565917969e+01
-1.493300056457519531e+01
-1.707599639892578125e+01
-1.600654220581054688e+01
-1.643413734436035156e+01
-1.765040969848632812e+01
-1.695335769653320312e+01
-1.573195934295654297e+01
-1.413981151580810547e+01
-1.441875934600830078e+01
-1.755046081542968750e+01
-1.652314567565917969e+01
-1.437354278564453125e+01
-1.513332653045654297e+01
-1.678374290466308594e+01
-1.466287231445312500e+01
-1.542155456542968750e+01
-1.523492240905761719e+01
-1.639635848999023438e+01
-1.413884162902832031e+01
-1.524858474731445312e+01
-1.498259830474853516e+01
-1.687219238281250000e+01
-1.702807235717773438e+01
-1.815537643432617188e+01
-1.659880447387695312e+01
-1.646868133544921875e+01
-1.643870925903320312e+01
-1.629513931274414062e+01
-1.648582458496093750e+01
-1.704425811767578125e+01
-1.703172111511230469e+01
-1.735122871398925781e+01
-1.709908294677734375e+01
-1.762446212768554688e+01
-1.724993896484375000e+01
-1.575759220123291016e+01
-1.523010635375976562e+01
-1.523678398132324219e+01
-1.575376701354980469e+01
-1.762489318847656250e+01
-1.485467338562011719e+01
-1.457253170013427734e+01
-1.596754074096679688e+01
-1.479497146606445312e+01
-1.637897491455078125e+01
-1.677842712402343750e+01
-1.717796325683593750e+01
-1.564672470092773438e+01
-1.482424926757812500e+01
-1.579569339752197266e+01
-1.423012733459472656e+01
-1.557286643981933594e+01
-1.660440826416015625e+01
-1.888274383544921875e+01
-1.605078506469726562e+01
-1.564647865295410156e+01
-1.610128974914550781e+01
-1.610224151611328125e+01
-1.677488899230957031e+01
-1.620252990722656250e+01
-1.461530494689941406e+01
-1.399674987792968750e+01
-1.435012912750244141e+01
-1.670018577575683594e+01
-1.641427993774414062e+01
-1.545107078552246094e+01
-1.574420261383056641e+01
-1.369903182983398438e+01
-1.299124431610107422e+01
-1.492014884948730469e+01
-1.668545913696289062e+01
-1.715025711059570312e+01
-1.704945755004882812e+01
-1.649031448364257812e+01
-1.720262145996093750e+01
-1.791856765747070312e+01
-1.775696754455566406e+01
-1.562329673767089844e+01
-1.886404800415039062e+01
-1.879576301574707031e+01
-1.793151855468750000e+01
-1.852570152282714844e+01
-1.926059341430664062e+01
-1.617077827453613281e+01
-1.672959327697753906e+01
-1.761758804321289062e+01
-1.607061767578125000e+01
-1.574811649322509766e+01
-1.682935523986816406e+01
-1.797445297241210938e+01
-1.666795539855957031e+01
-1.751021575927734375e+01
-1.665220642089843750e+01
-1.579959106445312500e+01
-1.531220817565917969e+01
-1.590138435363769531e+01
-1.780947494506835938e+01
-1.743805313110351562e+01
-1.728294754028320312e+01
-1.789936447143554688e+01
-1.657657432556152344e+01
-1.675363540649414062e+01
-1.724552154541015625e+01
-1.602233314514160156e+01
-2.031960678100585938e+01
-1.773305702209472656e+01
-1.645482444763183594e+01
-1.705328178405761719e+01
-2.008945083618164062e+01
-1.857156372070312500e+01
-1.915593910217285156e+01
-1.944400787353515625e+01
-1.959577178955078125e+01
-1.961707687377929688e+01
-1.971552276611328125e+01
-1.728718566894531250e+01
-1.844676208496093750e+01
-1.793879699707031250e+01
-1.844979095458984375e+01
-1.766825294494628906e+01
-1.745789718627929688e+01
-1.866592407226562500e+01
-1.919300270080566406e+01
-1.822111320495605469e+01
-1.731323623657226562e+01
-1.663691139221191406e+01
-1.688745117187500000e+01
-1.602686309814453125e+01
-1.734985351562500000e+01
-1.726666641235351562e+01
-1.715818405151367188e+01
-1.909919929504394531e+01
-1.864628219604492188e+01
-1.725928878784179688e+01
-1.695908737182617188e+01
-1.908471298217773438e+01
-1.956756973266601562e+01
-1.930998039245605469e+01
-1.796528625488281250e+01
-1.809175491333007812e+01
-1.632038497924804688e+01
-1.802796745300292969e+01
-1.837561607360839844e+01
-1.965274810791015625e+01
-1.845022392272949219e+01
-2.031068229675292969e+01
-2.040634536743164062e+01
-1.760545349121093750e+01
-1.939129829406738281e+01
-1.836754417419433594e+01
-1.825455665588378906e+01
-1.872073745727539062e+01
-1.674501800537109375e+01
-1.660225868225097656e+01
-1.786188316345214844e+01
-1.693808746337890625e+01
-1.869887161254882812e+01
-1.810967636108398438e+01
-1.888884353637695312e+01
-1.984243774414062500e+01
-1.770691108703613281e+01
-1.957451629638671875e+01
-1.867497253417968750e+01
-1.947647285461425781e+01
-2.065803909301757812e+01
-2.075569152832031250e+01
-2.090121459960937500e+01
-1.907620048522949219e+01
-1.958915328979492188e+01
-1.819860076904296875e+01
-2.204784011840820312e+01
-1.950178909301757812e+01
-2.100347137451171875e+01
-1.770020675659179688e+01
-1.824607849121093750e+01
-1.753718376159667969e+01
-1.813817977905273438e+01
-1.833614349365234375e+01
-1.844662857055664062e+01
-1.694053459167480469e+01
-1.718525314331054688e+01
-1.721527290344238281e+01
-1.681797027587890625e+01
-1.785400390625000000e+01
-1.779907226562500000e+01
-1.968097686767578125e+01
-1.847472572326660156e+01
-1.821986007690429688e+01
-1.834495162963867188e+01
-1.726812744140625000e+01
-1.625597000122070312e+01
-1.771205520629882812e+01
-1.827973175048828125e+01
-1.795927238464355469e+01
-1.908336257934570312e+01
-1.900729560852050781e+01
-1.857818603515625000e+01
-1.836025810241699219e+01
-1.849641609191894531e+01
-1.698451995849609375e+01
-1.731917572021484375e+01
-1.964501190185546875e+01
-2.121003723144531250e+01
-1.844770240783691406e+01
-1.863821411132812500e+01
-1.899195098876953125e+01
-1.923777008056640625e+01
-1.825662231445312500e+01
-1.835625076293945312e+01
-1.868913841247558594e+01
-2.006729698181152344e+01
-1.828406715393066406e+01
-1.868830490112304688e+01
-2.054399299621582031e+01
-2.023257827758789062e+01
-2.002042388916015625e+01
-2.048583793640136719e+01
-2.165627479553222656e+01
-2.140631484985351562e+01
-1.982638740539550781e+01
-1.919684219360351562e+01
-1.901355361938476562e+01
-1.900109481811523438e+01
-1.643405151367187500e+01
-1.697246932983398438e+01
-1.772758674621582031e+01
-1.836841583251953125e+01
-1.727846908569335938e+01
-1.746881103515625000e+01
-1.732473945617675781e+01
-1.833460044860839844e+01
-1.937639617919921875e+01
-1.996516036987304688e+01
-1.962594985961914062e+01
-1.888671302795410156e+01
-2.053268432617187500e+01
-2.028953361511230469e+01
-2.070178604125976562e+01
-1.962595939636230469e+01
-1.973284530639648438e+01
-2.009910202026367188e+01
-2.065573692321777344e+01
-2.018541336059570312e+01
-2.118951416015625000e+01
-1.933347129821777344e+01
-2.023759269714355469e+01
-1.926582336425781250e+01
-1.892702674865722656e+01
-1.880326843261718750e+01
-1.634935951232910156e+01
-1.669574356079101562e+01
-1.729699516296386719e+01
-1.857589721679687500e+01
-1.681327438354492188e+01
-1.822037887573242188e+01
-2.133811569213867188e+01
-1.690863418579101562e+01
-1.806871032714843750e+01
-1.808839035034179688e+01
-1.978417968750000000e+01
-1.830529785156250000e+01
-2.141129112243652344e+01
-1.995231246948242188e+01
-1.975158691406250000e+01
-2.015802574157714844e+01
-1.958879470825195312e+01
-1.821599960327148438e+01
-1.992121124267578125e+01
-1.863460731506347656e+01
-1.923308944702148438e+01
-2.216427803039550781e+01
-1.924834442138671875e+01
-2.134249496459960938e+01
-1.869008636474609375e+01
-2.149709701538085938e+01
-1.885393905639648438e+01
-2.003531455993652344e+01
-1.894206047058105469e+01
-1.829998779296875000e+01
-2.093851852416992188e+01
-2.138315200805664062e+01
-2.198822402954101562e+01
-1.911969947814941406e+01
-2.164105796813964844e+01
-1.819334030151367188e+01
-1.827023696899414062e+01
-1.949901580810546875e+01
-2.102447128295898438e+01
-2.120593261718750000e+01
-2.217243194580078125e+01
-1.956502151489257812e+01
-1.973394775390625000e+01
-2.030375671386718750e+01
-2.024916839599609375e+01
-2.079141426086425781e+01
-2.022218132019042969e+01
-2.008572196960449219e+01
-2.181143760681152344e+01
-2.027666282653808594e+01
-1.929304504394531250e+01
-1.994269180297851562e+01
-1.950711441040039062e+01
-2.104010009765625000e+01
-1.939406776428222656e+01
-2.326993179321289062e+01
-1.963400650024414062e+01
-2.158210372924804688e+01
-2.036394309997558594e+01
-1.963609123229980469e+01
-1.962956428527832031e+01
-2.025242233276367188e+01
-1.970801925659179688e+01
-2.238234329223632812e+01
-2.164118957519531250e+01
-2.030811500549316406e+01
-1.898764038085937500e+01
-1.916670036315917969e+01
-2.111502075195312500e+01
-1.983308410644531250e+01
-2.320024108886718750e+01
-2.201855468750000000e+01
-2.075342369079589844e+01
-2.088624191284179688e+01
-2.002423286437988281e+01
-2.085049819946289062e+01
-2.269442558288574219e+01
-2.028571319580078125e+01
-2.197699165344238281e+01
-2.039927291870117188e+01
-2.066676902770996094e+01
-2.160930252075195312e+01
-2.002204322814941406e+01
-2.003786277770996094e+01
-2.120856094360351562e+01
-2.147122001647949219e+01
-2.419225692749023438e+01
-2.284852600097656250e+01
-2.166664886474609375e+01
-2.295090675354003906e+01
-2.236699295043945312e+01
-2.357369232177734375e+01
-2.429389953613281250e+01
-2.325580215454101562e+01
-2.072028350830078125e+01
-2.027534866333007812e+01
-2.194242477416992188e+01
-2.037722015380859375e+01
-2.321913528442382812e+01
-2.498227691650390625e+01
-2.118358612060546875e+01
-2.122977447509765625e+01
-2.096500396728515625e+01
-2.087778091430664062e+01
-2.035066986083984375e+01
-1.934395790100097656e+01
-2.225002288818359375e+01
-2.201616287231445312e+01
-2.007488632202148438e+01
-2.016485977172851562e+01
-1.827696037292480469e+01
-2.079404449462890625e+01
-2.112836265563964844e+01
-1.840124511718750000e+01
-1.921606445312500000e+01
-2.288554382324218750e+01
-2.138641357421875000e+01
-2.230891036987304688e+01
-2.239163970947265625e+01
-2.094579315185546875e+01
-2.217879676818847656e+01
-2.122946548461914062e+01
-1.977703475952148438e+01
-2.074624824523925781e+01
-1.913614654541015625e+01
-2.284814834594726562e+01
-2.190877342224121094e+01
-2.351240921020507812e+01
-2.134471511840820312e+01
-2.053157806396484375e+01
-2.033804702758789062e+01
-2.324316787719726562e+01
-2.282200050354003906e+01
-2.443841552734375000e+01
-2.384453010559082031e+01
-2.251008987426757812e+01
-1.962776184082031250e+01
-2.169780731201171875e+01
-2.026273918151855469e+01
-2.222047424316406250e+01
-2.171573638916015625e+01
-2.259151458740234375e+01
-2.295641326904296875e+01
-2.317988967895507812e+01
-2.151948165893554688e+01
-2.550367736816406250e+01
-2.425912284851074219e+01
-2.311694335937500000e+01
-2.356788635253906250e+01
-2.514963912963867188e+01
-2.194309997558593750e+01
-2.167094230651855469e+01
-2.199374389648437500e+01
-2.311214065551757812e+01
-2.216886138916015625e+01
-2.299611663818359375e+01
-2.155662536621093750e+01
-1.989618682861328125e+01
-2.219548034667968750e+01
-2.374488449096679688e+01
-2.479442977905273438e+01
-2.217504882812500000e+01
-2.415674591064453125e+01
-2.314389419555664062e+01
-2.292377662658691406e+01
-2.157364273071289062e+01
-2.387026596069335938e+01
-2.298418807983398438e+01
-2.146921920776367188e+01
-2.225655555725097656e+01
-2.416758346557617188e+01
-2.363513946533203125e+01
-2.227098846435546875e+01
-2.231264495849609375e+01
-2.456119918823242188e+01
-2.335386848449707031e+01
-2.300183105468750000e+01
-2.456932449340820312e+01
-2.437765693664550781e+01
-2.350981140136718750e+01
-2.388876152038574219e+01
-2.338499069213867188e+01
-2.622183036804199219e+01
-2.310133361816406250e+01
-2.374015808105468750e+01
-2.269081878662109375e+01
-2.223120880126953125e+01
-2.348114776611328125e+01
-2.171274757385253906e+01
-2.305805015563964844e+01
-2.205216026306152344e+01
-2.190448570251464844e+01
-1.987937927246093750e+01
-2.066350173950195312e+01
-2.119642448425292969e+01
-2.022528457641601562e+01
-2.228660011291503906e+01
-2.136034584045410156e+01
-2.362625312805175781e+01
-2.209556961059570312e+01
-2.306801414489746094e+01
-2.471195220947265625e+01
-2.289933013916015625e+01
-2.297047805786132812e+01
-2.495875549316406250e+01
-2.355085754394531250e+01
-2.365378379821777344e+01
-2.490777397155761719e+01
-2.034059143066406250e+01
-2.126416778564453125e+01
-2.442569351196289062e+01
-2.336307907104492188e+01
-2.323560333251953125e+01
-2.539983367919921875e+01
-2.639451980590820312e+01
-2.279042053222656250e+01
-2.358655929565429688e+01
-2.169669151306152344e+01
-2.632554817199707031e+01
-2.453091239929199219e+01
-2.389504623413085938e+01
-2.562140083312988281e+01
-2.249738693237304688e+01
-2.295112228393554688e+01
-2.216593551635742188e+01
-2.450139617919921875e+01
-2.412174606323242188e+01
-2.406730651855468750e+01
-2.445502853393554688e+01
-2.421369171142578125e+01
-2.472549438476562500e+01
-2.394430351257324219e+01
-2.233416366577148438e+01
-2.456576919555664062e+01
-2.397372817993164062e+01
-2.567795753479003906e+01
-2.366361808776855469e+01
-2.457578659057617188e+01
-2.567528533935546875e+01
-2.402818870544433594e+01
-2.459515380859375000e+01
-2.527552795410156250e+01
-2.361437606811523438e+01
-2.438543891906738281e+01
-2.435413932800292969e+01
-2.300594520568847656e+01
-2.436177062988281250e+01
-2.371586990356445312e+01
-2.441425514221191406e+01
-2.384337806701660156e+01
-2.397034645080566406e+01
-2.421769905090332031e+01
-2.346372222900390625e+01
-2.185238838195800781e+01
-2.473931884765625000e+01
-2.542269134521484375e+01
-2.436940765380859375e+01
-2.564156723022460938e+01
-2.354096221923828125e+01
-2.332865905761718750e+01
-2.408089256286621094e+01
-2.198060607910156250e+01
-2.337904357910156250e+01
-2.466178321838378906e+01
-2.766138839721679688e+01
-2.386651802062988281e+01
-2.435868072509765625e+01
-2.337794494628906250e+01
-2.509426498413085938e+01
-2.438425445556640625e+01
-2.390893936157226562e+01
-2.363248443603515625e+01
-2.355079078674316406e+01
-2.523954010009765625e+01
-2.668675613403320312e+01
-2.615737152099609375e+01
-2.453805160522460938e+01
-2.386856079101562500e+01
-2.379458618164062500e+01
-2.297027969360351562e+01
-2.215958404541015625e+01
-2.374619483947753906e+01
-2.458837890625000000e+01
-2.469577407836914062e+01
-2.521021270751953125e+01
-2.330971717834472656e+01
-2.370732879638671875e+01
-2.669858169555664062e+01
-2.281319808959960938e+01
-2.448419189453125000e+01
-2.495509910583496094e+01
-2.558399581909179688e+01
-2.640725135803222656e+01
-2.526711463928222656e+01
-2.650092315673828125e+01
-2.601614379882812500e+01
-2.579307174682617188e+01
-2.566679573059082031e+01
-2.898516273498535156e+01
-2.668239593505859375e+01
-2.509614181518554688e+01
-2.432652282714843750e+01
-2.743032264709472656e+01
-2.513600158691406250e+01
-2.456184959411621094e+01
-2.453479003906250000e+01
-2.404809379577636719e+01
-2.543643379211425781e+01
-2.447079277038574219e+01
-2.351360130310058594e+01
-2.409930419921875000e+01
-2.397159576416015625e+01
-2.429504585266113281e+01
-2.633344459533691406e+01
-2.359304428100585938e+01
-2.505119705200195312e+01
-2.642846298217773438e+01
-2.690361022949218750e+01
-2.459050369262695312e+01
-2.411023712158203125e+01
-2.555362701416015625e+01
-2.658755493164062500e+01
-2.288976860046386719e+01
-2.393789672851562500e+01
-2.662656021118164062e+01
-2.515015029907226562e+01
-2.486262512207031250e+01
-2.515457344055175781e+01
-2.412534141540527344e+01
-2.515262222290039062e+01
-2.482411766052246094e+01
-2.837175750732421875e+01
-2.312773132324218750e+01
-2.484774208068847656e+01
-2.510654449462890625e+01
-2.620139694213867188e+01
-2.722339057922363281e+01
-2.683567428588867188e+01
-2.469923973083496094e+01
-2.659132766723632812e+01
-2.632087707519531250e+01
-2.871942901611328125e+01
-2.697769355773925781e+01
-2.473228263854980469e+01
-2.276770591735839844e+01
-2.593135833740234375e+01
-2.657483863830566406e+01
-2.313587951660156250e+01
-2.459120941162109375e+01
-2.574899482727050781e+01
-2.563766479492187500e+01
-2.573233795166015625e+01
-2.737142562866210938e+01
-2.604681777954101562e+01
-2.399891281127929688e+01
-2.781184005737304688e+01
-2.636958312988281250e+01
-2.578180503845214844e+01
-2.665272903442382812e+01
-2.830359268188476562e+01
-2.661961364746093750e+01
-2.636077880859375000e+01
-2.636753845214843750e+01
-2.565532302856445312e+01
-2.576031494140625000e+01
-2.432318115234375000e+01
-2.581696319580078125e+01
-2.678425407409667969e+01
-2.390959548950195312e+01
-2.447076606750488281e+01
-2.504303169250488281e+01
-2.622498130798339844e+01
-2.487919044494628906e+01
-2.675642585754394531e+01
-2.627421569824218750e+01
-2.742132949829101562e+01
-2.763306808471679688e+01
-3.033409118652343750e+01
-2.717129898071289062e+01
-2.678276443481445312e+01
-2.672008514404296875e+01
-2.637432670593261719e+01
-2.778007125854492188e+01
-2.574253463745117188e+01
-2.945278358459472656e+01
-2.865668678283691406e+01
-2.592617416381835938e+01
-2.764262008666992188e+01
-2.544297981262207031e+01
-2.748154449462890625e+01
-2.749958038330078125e+01
-2.727690315246582031e+01
-2.640920066833496094e+01
-2.719849014282226562e+01
-2.833562088012695312e+01
-2.988695716857910156e+01
-2.926384925842285156e+01
-2.750210952758789062e+01
-2.394993019104003906e+01
-2.802840042114257812e+01
-2.669576072692871094e+01
-2.713190269470214844e+01
-2.833904075622558594e+01
-2.745307540893554688e+01
-2.690660476684570312e+01
-2.755307388305664062e+01
-2.857542991638183594e+01
-2.834693908691406250e+01
-2.794731521606445312e+01
-3.104201507568359375e+01
-3.143252563476562500e+01
-2.923332214355468750e+01
-2.838792419433593750e+01
-2.663527488708496094e+01
-2.802953910827636719e+01
-2.862199401855468750e+01
-3.159090042114257812e+01
-2.913613128662109375e+01
-3.004571151733398438e+01
-2.984776687622070312e+01
-2.984924697875976562e+01
-2.867549896240234375e+01
-2.868593406677246094e+01
-2.929816627502441406e+01
-2.868033981323242188e+01
-2.905539512634277344e+01
-3.242887115478515625e+01
-2.716320037841796875e+01
-2.727912902832031250e+01
-2.685278320312500000e+01
-2.602017211914062500e+01
-2.542703628540039062e+01
-2.858244705200195312e+01
-3.087850952148437500e+01
-2.787425231933593750e+01
-2.878449630737304688e+01
-2.594032669067382812e+01
-2.773079490661621094e+01
-2.650004577636718750e+01
-2.555075263977050781e+01
-2.977383613586425781e+01
-2.709119796752929688e+01
-2.844554138183593750e+01
-2.699334716796875000e+01
-3.038644218444824219e+01
-2.835486984252929688e+01
-2.750352859497070312e+01
-2.956382942199707031e+01
-2.786821746826171875e+01
-3.078021621704101562e+01
-2.588731765747070312e+01
-2.806123161315917969e+01
-2.884884643554687500e+01
-3.110706710815429688e+01
-3.113101196289062500e+01
-3.090291786193847656e+01
-3.015930366516113281e+01
-2.939025878906250000e+01
-2.847354888916015625e+01
-2.878568458557128906e+01
-2.793870544433593750e+01
-2.823096084594726562e+01
-3.068172454833984375e+01
-2.864708709716796875e+01
-2.796556091308593750e+01
-2.666128540039062500e+01
-3.074651336669921875e+01
-2.927921485900878906e+01
-2.512025070190429688e+01
-2.634700965881347656e+01
-2.514932823181152344e+01
-2.852972030639648438e+01
-3.259848785400390625e+01
-3.098012542724609375e+01
-3.185482597351074219e+01
-2.723550415039062500e+01
-2.719305419921875000e+01
-2.781920051574707031e+01
-3.131373596191406250e+01
-2.902967071533203125e+01
-3.356593322753906250e+01
-2.980113983154296875e+01
-2.817090225219726562e+01
-3.315485000610351562e+01
-3.155251312255859375e+01
-2.777899551391601562e+01
-2.907134437561035156e+01
-2.720364952087402344e+01
-2.933324623107910156e+01
-3.171493911743164062e+01
-2.934667205810546875e+01
-2.612718200683593750e+01
-2.060606575012207031e+01
-2.567943954467773438e+01
-2.329856109619140625e+01
-2.145590209960937500e+01
-2.548322296142578125e+01
-2.486382293701171875e+01
-2.175999069213867188e+01
-2.863841819763183594e+01
-2.651681709289550781e+01
-2.841736221313476562e+01
-2.611534881591796875e+01
-3.121922874450683594e+01
-2.777605819702148438e+01
-2.744688224792480469e+01
-2.924917793273925781e+01
-2.504405212402343750e+01
-2.810656738281250000e+01
-2.752895164489746094e+01
-3.029785919189453125e+01
-2.941685485839843750e+01
-3.058341217041015625e+01
-3.027332687377929688e+01
-2.839229583740234375e+01
-2.764358711242675781e+01
-2.497889328002929688e+01
-2.796849060058593750e+01
-2.935645103454589844e+01
-2.828289413452148438e+01
-2.717438888549804688e+01
-2.792649841308593750e+01
-2.703258323669433594e+01
-2.605722045898437500e+01
-2.763452911376953125e+01
-2.761371421813964844e+01
-2.544247055053710938e+01
-3.042799377441406250e+01
-3.218538665771484375e+01
-2.976837158203125000e+01
-2.624445343017578125e+01
-2.788330078125000000e+01
-2.786120796203613281e+01
-3.116934013366699219e+01
-2.614051055908203125e+01
-2.519062042236328125e+01
-2.840117645263671875e+01
-2.721693420410156250e+01
-2.709777069091796875e+01
-2.531551361083984375e+01
-3.069524383544921875e+01
-2.720514678955078125e+01
-2.964057159423828125e+01
-3.166259956359863281e+01
-3.101948928833007812e+01
-2.785460662841796875e+01
-3.355675506591796875e+01
-2.828590202331542969e+01
-2.929954528808593750e+01
-2.836747741699218750e+01
-2.935375213623046875e+01
-2.859492874145507812e+01
-2.806472969055175781e+01
-3.122415924072265625e+01
-3.037720489501953125e+01
-3.004416656494140625e+01
-3.043778610229492188e+01
-3.061298751831054688e+01
-3.016005897521972656e+01
-2.903438568115234375e+01
-3.202482223510742188e+01
-3.017845535278320312e+01
-2.871709442138671875e+01
-2.741410827636718750e+01
-2.989733695983886719e+01
-2.855768585205078125e+01
-2.946447372436523438e+01
-3.052473068237304688e+01
-2.984195709228515625e+01
-3.185134124755859375e+01
-3.628477478027343750e+01
-2.973451614379882812e+01
-3.259369659423828125e+01
-2.795007705688476562e+01
-3.106606101989746094e+01
-2.986397552490234375e+01
-2.883697891235351562e+01
-3.674096679687500000e+01
-3.417746734619140625e+01
-2.907913780212402344e+01
-3.289787673950195312e+01
-2.989040946960449219e+01
-2.929504203796386719e+01
-2.758413314819335938e+01
-3.185247421264648438e+01
-3.238519668579101562e+01
-3.157972717285156250e+01
-3.012001037597656250e+01
-2.943132400512695312e+01
-3.146920585632324219e+01
-3.548035812377929688e+01
-2.859318923950195312e+01
-2.754591941833496094e+01
-2.707345581054687500e+01
-2.881372833251953125e+01
-3.200738525390625000e+01
-3.034967803955078125e+01
-3.406168365478515625e+01
-3.193698501586914062e+01
-2.801475143432617188e+01
-3.196302223205566406e+01
-2.767999267578125000e+01
-3.000849151611328125e+01
-3.019210815429687500e+01
-3.097559165954589844e+01
-3.101627731323242188e+01
-2.903002548217773438e+01
-2.734772872924804688e+01
-2.942705154418945312e+01
-2.700433921813964844e+01
-2.983407592773437500e+01
-2.993930816650390625e+01
-2.801747703552246094e+01
-2.945745468139648438e+01
-2.816469764709472656e+01
-3.115691947937011719e+01
-3.034291076660156250e+01
-2.998327255249023438e+01
-2.905365371704101562e+01
-3.450434875488281250e+01
-3.087925529479980469e+01
-3.142941665649414062e+01
-3.366064453125000000e+01
-2.903471183776855469e+01
-3.156673431396484375e+01
-2.977099037170410156e+01
-3.448234558105468750e+01
-3.285409545898437500e+01
-3.281988906860351562e+01
-3.328731536865234375e+01
-3.817193984985351562e+01
-3.399517822265625000e+01
-2.838326263427734375e+01
-3.230102920532226562e+01
-3.253791046142578125e+01
-2.811071205139160156e+01
-3.112313079833984375e+01
-3.373798751831054688e+01
-3.298410415649414062e+01
-3.194594955444335938e+01
-3.142354965209960938e+01
-2.939929008483886719e+01
-2.705500411987304688e+01
-2.693105697631835938e+01
-3.546952819824218750e+01
-3.143610000610351562e+01
-3.249956512451171875e+01
-2.845146942138671875e+01
-3.363451385498046875e+01
-3.113992309570312500e+01
-3.398857879638671875e+01
-3.373759460449218750e+01
-3.229417800903320312e+01
-3.477928543090820312e+01
-3.038764953613281250e+01
-3.071605873107910156e+01
-3.264225387573242188e+01
-3.545034027099609375e+01
-3.144320297241210938e+01
-3.040331459045410156e+01
-3.073789787292480469e+01
-3.168498802185058594e+01
-3.111832046508789062e+01
-3.182352828979492188e+01
-2.922474288940429688e+01
-3.231782531738281250e+01
-3.642266845703125000e+01
-3.487142944335937500e+01
-3.270288085937500000e+01
-3.263390731811523438e+01
-3.217228698730468750e+01
-3.917917633056640625e+01
-3.406177139282226562e+01
-3.444030761718750000e+01
-3.455650711059570312e+01
-3.048390769958496094e+01
-3.425243377685546875e+01
-3.698111724853515625e+01
-3.408868408203125000e+01
-3.441870498657226562e+01
-3.488774871826171875e+01
-3.470770263671875000e+01
-3.391216659545898438e+01
-3.261528015136718750e+01
-3.435186767578125000e+01
-3.643219375610351562e+01
-3.456862258911132812e+01
-3.161728286743164062e+01
-3.493435287475585938e+01
-3.415818786621093750e+01
-3.753210449218750000e+01
-3.425962448120117188e+01
-3.530079650878906250e+01
-3.239405059814453125e+01
-3.574788284301757812e+01
-3.301366043090820312e+01
-3.497296142578125000e+01
-3.597498321533203125e+01
-3.599773406982421875e+01
-3.869668960571289062e+01
-3.332692337036132812e+01
-3.213404846191406250e+01
-3.454236602783203125e+01
-3.258141326904296875e+01
-3.265822601318359375e+01
-3.140598106384277344e+01
-3.314693450927734375e+01
-3.280538177490234375e+01
-3.617537689208984375e+01
-3.584745407104492188e+01
-3.261570358276367188e+01
-3.303351593017578125e+01
-3.509447097778320312e+01
-3.525984573364257812e+01
-3.850806808471679688e+01
-3.623231506347656250e+01
-2.967563629150390625e+01
-2.951012802124023438e+01
-2.712777709960937500e+01
-3.475727081298828125e+01
-2.939400672912597656e+01
-3.509500122070312500e+01
-3.462654876708984375e+01
-3.480950927734375000e+01
-3.345360565185546875e+01
-3.463433456420898438e+01
-3.261783218383789062e+01
-3.793848800659179688e+01
-3.432011795043945312e+01
-3.371849060058593750e+01
-3.015537452697753906e+01
-3.018464660644531250e+01
-3.346619415283203125e+01
-3.118064880371093750e+01
-3.531418228149414062e+01
-3.099557113647460938e+01
-3.168188095092773438e+01
-3.231692123413085938e+01
-3.336501312255859375e+01
-3.048264694213867188e+01
-3.413722991943359375e+01
-3.700373458862304688e+01
-3.525917816162109375e+01
-3.764287567138671875e+01
-3.246031188964843750e+01
-3.553421020507812500e+01
-3.577619552612304688e+01
-3.403151702880859375e+01
-3.542227554321289062e+01
-3.558705139160156250e+01
-3.560257720947265625e+01
-2.753605079650878906e+01
-3.489803314208984375e+01
-3.474153137207031250e+01
-2.930785369873046875e+01
-3.394118499755859375e+01
-3.936902236938476562e+01
-3.557255554199218750e+01
-3.260447692871093750e+01
-3.375659179687500000e+01
-3.511084365844726562e+01
-3.252593231201171875e+01
-3.401548004150390625e+01
-3.712429046630859375e+01
-3.930130767822265625e+01
-3.571401596069335938e+01
-3.311352539062500000e+01
-3.489512634277343750e+01
-3.284753799438476562e+01
-3.885854721069335938e+01
-3.878921127319335938e+01
-3.295890426635742188e+01
-3.660332489013671875e+01
-3.145835876464843750e+01
-3.322562408447265625e+01
-3.591433334350585938e+01
-3.606926727294921875e+01
-3.537373352050781250e+01
-3.443183898925781250e+01
-3.304797363281250000e+01
-3.471283721923828125e+01
-3.481778335571289062e+01
-3.572980499267578125e+01
-3.732373809814453125e+01
-3.394419860839843750e+01
-3.767845535278320312e+01
-3.592662811279296875e+01
-3.397835922241210938e+01
-3.507074737548828125e+01
-3.598785400390625000e+01
-3.271277618408203125e+01
-3.594039154052734375e+01
-3.669945144653320312e+01
-3.809426498413085938e+01
-3.716368103027343750e+01
-3.383995056152343750e+01
-3.998947906494140625e+01
-3.364983749389648438e+01
-4.021504974365234375e+01
-4.122139739990234375e+01
-3.543117141723632812e+01
-3.823363494873046875e+01
-3.680646514892578125e+01
-3.609959030151367188e+01
-3.629317474365234375e+01
-3.689574050903320312e+01
-3.833577728271484375e+01
-3.516974639892578125e+01
-2.990530395507812500e+01
-3.744062805175781250e+01
-3.557284545898437500e+01
-3.530216598510742188e+01
-3.268843841552734375e+01
-3.910511779785156250e+01
-3.814200210571289062e+01
-3.591464996337890625e+01
-3.707837677001953125e+01
-3.906249618530273438e+01
-4.136139297485351562e+01
-3.830619812011718750e+01
-4.156412506103515625e+01
-3.723242568969726562e+01
-3.987211608886718750e+01
-3.655127334594726562e+01
-3.760417556762695312e+01
-4.016016006469726562e+01
-3.531918334960937500e+01
-3.397427368164062500e+01
-3.474691009521484375e+01
-3.803082656860351562e+01
-3.688217163085937500e+01
-3.704034423828125000e+01
-3.742656326293945312e+01
-4.028847122192382812e+01
-3.500424575805664062e+01
-3.883087921142578125e+01
-3.995964813232421875e+01
-3.795594024658203125e+01
-3.747286987304687500e+01
-3.877307510375976562e+01
-3.540253829956054688e+01
-3.768842315673828125e+01
-3.680924987792968750e+01
-3.277169799804687500e+01
-3.901572036743164062e+01
-3.632773208618164062e+01
-3.530912017822265625e+01
-3.868305969238281250e+01
-3.891941833496093750e+01
-3.797552490234375000e+01
-3.035442352294921875e+01
-3.722515487670898438e+01
-3.899365997314453125e+01
-3.945534133911132812e+01
-3.958351135253906250e+01
-4.523042297363281250e+01
-3.932649230957031250e+01
-3.601766586303710938e+01
-4.129258728027343750e+01
-3.721411895751953125e+01
-4.287384796142578125e+01
-4.066357040405273438e+01
-4.313819122314453125e+01
-3.906306457519531250e+01
-3.420402526855468750e+01
-3.723657608032226562e+01
-4.193776702880859375e+01
-3.817440032958984375e+01
-4.196501159667968750e+01
-3.940184020996093750e+01
-3.612841415405273438e+01
-3.584312820434570312e+01
-3.942459869384765625e+01
-4.000567626953125000e+01
-3.810388183593750000e+01
-3.976597595214843750e+01
-3.613999176025390625e+01
-3.717197799682617188e+01
-3.765447616577148438e+01
-3.919791412353515625e+01
-3.981349945068359375e+01
-4.174897384643554688e+01
-4.480151367187500000e+01
-4.068000030517578125e+01
-3.775460052490234375e+01
-4.135307312011718750e+01
-4.022800445556640625e+01
-3.867459106445312500e+01
-3.702785873413085938e+01
-3.755715179443359375e+01
-3.912227249145507812e+01
-4.058587265014648438e+01
-4.277692794799804688e+01
-4.185491943359375000e+01
-4.090245819091796875e+01
-4.297858047485351562e+01
-4.135728836059570312e+01
-3.673132324218750000e+01
-3.726824951171875000e+01
-4.174648284912109375e+01
-4.228501129150390625e+01
-3.721791458129882812e+01
-4.280236816406250000e+01
-4.224554443359375000e+01
-3.812808227539062500e+01
-3.686761474609375000e+01
-3.716828918457031250e+01
-4.100650024414062500e+01
-4.146311950683593750e+01
-3.788770675659179688e+01
-3.724595642089843750e+01
-4.045179748535156250e+01
-3.916759872436523438e+01
-4.212063980102539062e+01
-4.505062103271484375e+01
-3.822820281982421875e+01
-4.502013397216796875e+01
-4.324794006347656250e+01
-3.877796936035156250e+01
-4.215211486816406250e+01
-4.261270523071289062e+01
-4.041390991210937500e+01
-4.309408950805664062e+01
-4.076659774780273438e+01
-4.416292190551757812e+01
-3.763278961181640625e+01
-4.149629974365234375e+01
-4.286218261718750000e+01
-4.585894012451171875e+01
-4.765729522705078125e+01
-4.493502426147460938e+01
-3.944841766357421875e+01
-4.561047363281250000e+01
-3.805087661743164062e+01
-4.273131561279296875e+01
-3.977362823486328125e+01
-4.109750366210937500e+01
-4.256548309326171875e+01
-4.706820678710937500e+01
-4.276128005981445312e+01
-4.651538848876953125e+01
-3.973130035400390625e+01
-4.487500762939453125e+01
-4.393220520019531250e+01
-5.066957855224609375e+01
-5.219067382812500000e+01
-3.901609420776367188e+01
-4.372008132934570312e+01
-4.315579223632812500e+01
-4.230304718017578125e+01
-3.839571380615234375e+01
-4.384972000122070312e+01
-4.230653381347656250e+01
-4.461729049682617188e+01
-4.365207672119140625e+01
-4.579464340209960938e+01
-4.351153564453125000e+01
-3.742946243286132812e+01
-4.013885498046875000e+01
-4.904474639892578125e+01
-4.898530960083007812e+01
-4.120429611206054688e+01
-4.284583282470703125e+01
-3.548011398315429688e+01
-3.837576675415039062e+01
-4.017120361328125000e+01
-4.221142578125000000e+01
-3.953810119628906250e+01
-4.147739410400390625e+01
-4.328893280029296875e+01
-4.497866058349609375e+01
-4.168663024902343750e+01
-4.218640518188476562e+01
-4.261518859863281250e+01
-4.455932617187500000e+01
-4.518518447875976562e+01
-4.299573516845703125e+01
-4.149749374389648438e+01
-4.194757843017578125e+01
-4.056533813476562500e+01
-3.737258911132812500e+01
-4.532603454589843750e+01
-4.289114761352539062e+01
-4.383402633666992188e+01
-4.499128723144531250e+01
-3.977550125122070312e+01
-3.681409835815429688e+01
-4.545551300048828125e+01
-4.358909988403320312e+01
-4.132170104980468750e+01
-3.871207427978515625e+01
-4.277242279052734375e+01
-3.917208862304687500e+01
-3.686488342285156250e+01
-3.545953369140625000e+01
-4.046128845214843750e+01
-4.076739120483398438e+01
-4.631397247314453125e+01
-4.212050628662109375e+01
-3.866604614257812500e+01
-4.125609588623046875e+01
-4.424920272827148438e+01
-4.502858352661132812e+01
-4.048069381713867188e+01
-3.867623138427734375e+01
-4.318323898315429688e+01
-4.173992919921875000e+01
-4.507695007324218750e+01
-4.588217163085937500e+01
-5.022195816040039062e+01
-4.326567077636718750e+01
-4.365375518798828125e+01
-4.097332000732421875e+01
-4.422809600830078125e+01
-4.349758911132812500e+01
-4.398764038085937500e+01
-3.625582122802734375e+01
-4.131978225708007812e+01
-3.824178314208984375e+01
-3.963917160034179688e+01
-3.995896911621093750e+01
-4.406459808349609375e+01
-3.988412475585937500e+01
-4.275805664062500000e+01
-4.231077575683593750e+01
-4.734044647216796875e+01
-5.008627700805664062e+01
-4.328466415405273438e+01
-4.381114196777343750e+01
-3.494573211669921875e+01
-4.655731201171875000e+01
-4.422414398193359375e+01
-4.648832321166992188e+01
-4.178385925292968750e+01
-4.376336669921875000e+01
-4.388999938964843750e+01
-3.986181640625000000e+01
-4.243947219848632812e+01
-3.906005096435546875e+01
-4.427307891845703125e+01
-4.360197067260742188e+01
-4.491518402099609375e+01
-4.228326416015625000e+01
-3.797761535644531250e+01
-4.650831222534179688e+01
-4.178582382202148438e+01
-4.114517211914062500e+01
-4.139662933349609375e+01
-4.448389434814453125e+01
-4.346989822387695312e+01
-4.369196319580078125e+01
-4.294291687011718750e+01
-3.838786315917968750e+01
-4.850553131103515625e+01
-4.631799316406250000e+01
-4.417907714843750000e+01
-4.628772735595703125e+01
-4.431327056884765625e+01
-4.456076431274414062e+01
-4.643510818481445312e+01
-4.328211212158203125e+01
-4.828421783447265625e+01
-4.134553527832031250e+01
-4.578279113769531250e+01
-4.916965484619140625e+01
-4.686001205444335938e+01
-4.889504241943359375e+01
-4.997105026245117188e+01
-4.800891876220703125e+01
-4.940857315063476562e+01
-4.656660461425781250e+01
-4.531770706176757812e+01
-4.422298812866210938e+01
-4.555484008789062500e+01
-4.302198791503906250e+01
-5.428949737548828125e+01
-4.665518569946289062e+01
-5.154799652099609375e+01
-4.889676284790039062e+01
-4.732124328613281250e+01
-4.585280990600585938e+01
-4.849942016601562500e+01
-4.640859985351562500e+01
-4.310120391845703125e+01
-4.060206604003906250e+01
-4.498408889770507812e+01
-3.771338272094726562e+01
-3.932870483398437500e+01
-5.227948760986328125e+01
-4.400835037231445312e+01
-4.545419692993164062e+01
-4.264033508300781250e+01
-4.601459503173828125e+01
-4.423830032348632812e+01
-4.397331619262695312e+01
-4.106355667114257812e+01
-4.252599334716796875e+01
-5.347525787353515625e+01
-4.109112930297851562e+01
-4.297448730468750000e+01
-4.780348587036132812e+01
-5.444354248046875000e+01
-4.842603302001953125e+01
-4.315037155151367188e+01
-4.780839538574218750e+01
-4.569818115234375000e+01
-4.392969131469726562e+01
-5.003939819335937500e+01
-4.372570419311523438e+01
-4.963020324707031250e+01
-4.881906127929687500e+01
-5.553260421752929688e+01
-4.675141143798828125e+01
-4.292481994628906250e+01
-4.057441329956054688e+01
-5.444600296020507812e+01
-4.844497680664062500e+01
-4.878180313110351562e+01
-5.122386169433593750e+01
-5.012651824951171875e+01
-4.609188842773437500e+01
-5.018176269531250000e+01
-5.012252044677734375e+01
-5.186912918090820312e+01
-4.676106262207031250e+01
-5.073334503173828125e+01
-4.500875854492187500e+01
-4.455387115478515625e+01
-4.660830688476562500e+01
-5.279789352416992188e+01
-4.892124938964843750e+01
-5.449352264404296875e+01
-5.342322540283203125e+01
-5.083806610107421875e+01
-4.096685028076171875e+01
-4.738055419921875000e+01
-4.584107589721679688e+01
-4.924766540527343750e+01
-4.996429443359375000e+01
-5.200239562988281250e+01
-4.884170532226562500e+01
-4.068802642822265625e+01
-3.955010986328125000e+01
-4.772229766845703125e+01
-4.294522476196289062e+01
-4.773143768310546875e+01
-5.219305419921875000e+01
-4.669726562500000000e+01
-5.191910934448242188e+01
-4.202375030517578125e+01
-4.752228164672851562e+01
-5.083752441406250000e+01
-5.063430404663085938e+01
-5.414043426513671875e+01
-5.252995300292968750e+01
-4.414091110229492188e+01
-4.688137435913085938e+01
-4.934705352783203125e+01
-5.108495712280273438e+01
-4.782495880126953125e+01
-5.459467697143554688e+01
-5.220011901855468750e+01
-5.309802627563476562e+01
-5.532442092895507812e+01
-5.154249572753906250e+01
-4.860463714599609375e+01
-4.760961532592773438e+01
-4.530744171142578125e+01
-4.922527694702148438e+01
-4.623165893554687500e+01
-3.683935928344726562e+01
-4.879148483276367188e+01
-5.083262634277343750e+01
-4.652156066894531250e+01
-5.523765182495117188e+01
-4.977962493896484375e+01
-4.071355819702148438e+01
-4.741580200195312500e+01
-4.724866485595703125e+01
-4.600050354003906250e+01
-4.484241104125976562e+01
-4.640849304199218750e+01
-4.468682861328125000e+01
-3.984605407714843750e+01
-4.748392868041992188e+01
-3.879512786865234375e+01
-3.930656433105468750e+01
-4.320651245117187500e+01
-4.665449523925781250e+01
-4.184653472900390625e+01
-4.915790939331054688e+01
-4.924003601074218750e+01
-5.006425476074218750e+01
-5.184375381469726562e+01
-4.892991638183593750e+01
-5.494235610961914062e+01
-4.609823226928710938e+01
-4.715610122680664062e+01
-4.630045700073242188e+01
-3.917876434326171875e+01
-5.044123840332031250e+01
-5.577313232421875000e+01
-5.527648925781250000e+01
-4.603343200683593750e+01
-4.761243057250976562e+01
-5.101303863525390625e+01
-4.930126190185546875e+01
-5.182647323608398438e+01
-4.878740692138671875e+01
-4.814442443847656250e+01
-5.339778137207031250e+01
-5.481800079345703125e+01
-5.720275878906250000e+01
-4.839762878417968750e+01
-4.854970550537109375e+01
-4.372874450683593750e+01
-5.821939849853515625e+01
-4.831600189208984375e+01
-5.227350997924804688e+01
-5.182150268554687500e+01
-5.059784317016601562e+01
-4.583480072021484375e+01
-5.067387008666992188e+01
-5.254302215576171875e+01
-5.067796325683593750e+01
-5.060201644897460938e+01
-5.320076751708984375e+01
-5.602729797363281250e+01
-4.814525604248046875e+01
-4.370157241821289062e+01
-4.569063186645507812e+01
-5.108837127685546875e+01
-5.918791961669921875e+01
-5.221627807617187500e+01
-5.355495452880859375e+01
-4.742343902587890625e+01
-5.757846069335937500e+01
-5.299622726440429688e+01
-4.963835906982421875e+01
-4.938962554931640625e+01
-5.628908538818359375e+01
-5.741680526733398438e+01
-6.117314910888671875e+01
-5.227295684814453125e+01
-5.383999252319335938e+01
-4.936311340332031250e+01
-4.774042510986328125e+01
-5.373759841918945312e+01
-5.080075073242187500e+01
-5.344551086425781250e+01
-4.991481399536132812e+01
-4.941572570800781250e+01
-5.389224624633789062e+01
-4.735757446289062500e+01
-5.671844100952148438e+01
-5.070412445068359375e+01
-4.599298858642578125e+01
-4.851186370849609375e+01
-4.892589187622070312e+01
-4.452091598510742188e+01
-4.491829681396484375e+01
-6.237754058837890625e+01
-5.256562042236328125e+01
-5.017298126220703125e+01
-4.191968536376953125e+01
-4.099263763427734375e+01
-4.403791809082031250e+01
-5.030279541015625000e+01
-4.820619583129882812e+01
-5.424380493164062500e+01
