5.097915604710578918e-02
2.509756088256835938e+00
2.112228125333786011e-01
7.333436608314514160e-01
1.028425931930541992e+00
4.388982653617858887e-01
1.447756886482238770e-01
3.511856496334075928e-02
1.597191989421844482e-01
2.658172845840454102e-01
2.516037821769714355e-01
1.665516197681427002e-01
3.946126103401184082e-01
3.522520065307617188e-01
7.090632915496826172e-01
7.813662290573120117e-01
5.637629628181457520e-01
3.102301657199859619e-01
3.368947803974151611e-01
3.531176745891571045e-01
1.051612257957458496e+00
5.872268676757812500e-01
3.375353813171386719e-01
1.852097320556640625e+01
1.113868808746337891e+01
1.138185882568359375e+01
1.151392078399658203e+01
1.445489501953125000e+01
8.550754547119140625e+00
1.357039451599121094e+01
9.764488220214843750e+00
1.650312423706054688e+01
3.893435668945312500e+01
1.862610816955566406e+01
1.872930335998535156e+01
2.762172889709472656e+01
7.118947505950927734e+00
3.096737480163574219e+01
1.798905754089355469e+01
2.169259262084960938e+01
3.614599227905273438e+01
3.781247711181640625e+01
1.396986007690429688e+01
2.856877899169921875e+01
2.503754425048828125e+01
1.120073890686035156e+01
2.575156784057617188e+01
2.512540435791015625e+01
2.331360244750976562e+01
4.094464111328125000e+01
2.600823593139648438e+01
2.162582397460937500e+01
3.604302215576171875e+01
1.444989967346191406e+01
2.343523025512695312e+01
2.529095458984375000e+01
2.853640365600585938e+01
3.897687530517578125e+01
1.463683509826660156e+01
2.318392562866210938e+01
1.758332633972167969e+01
2.127384567260742188e+01
2.107621765136718750e+01
2.343349456787109375e+01
4.326740646362304688e+01
1.606048583984375000e+01
2.256045532226562500e+01
2.633488845825195312e+01
1.359807014465332031e+01
2.160247039794921875e+01
3.695802307128906250e+01
2.300452804565429688e+01
2.129787254333496094e+01
9.443134307861328125e+00
2.036087036132812500e+01
1.507186508178710938e+01
1.541340351104736328e+01
7.758735179901123047e+00
1.100223541259765625e+01
1.714632034301757812e+01
6.872367382049560547e+00
1.158182811737060547e+01
8.023366928100585938e+00
2.664291763305664062e+01
9.650243759155273438e+00
1.426086235046386719e+01
1.535739803314208984e+01
9.561244010925292969e+00
9.993406295776367188e+00
1.095263576507568359e+01
1.004562377929687500e+01
6.814133167266845703e+00
1.035009193420410156e+01
7.158041954040527344e+00
6.773691654205322266e+00
1.249032783508300781e+01
8.195266723632812500e+00
1.111190414428710938e+01
6.460934638977050781e+00
2.358425378799438477e+00
6.104476928710937500e+00
8.851432800292968750e+00
1.810366392135620117e+00
5.167882919311523438e+00
8.867235183715820312e+00
6.427568912506103516e+00
5.405817985534667969e+00
9.200412750244140625e+00
7.066264629364013672e+00
2.682262420654296875e+00
2.760896205902099609e+00
1.249600219726562500e+01
8.829174995422363281e+00
2.640730857849121094e+00
7.609346866607666016e+00
1.156859636306762695e+00
3.572294473648071289e+00
1.320226430892944336e+00
4.508367061614990234e+00
7.339591026306152344e+00
5.507229804992675781e+00
6.289348602294921875e+00
5.580867767333984375e+00
6.349847793579101562e+00
2.233330154418945312e+01
8.072009086608886719e+00
1.460353279113769531e+01
3.445727586746215820e+00
1.737720108032226562e+01
9.139057159423828125e+00
1.702522659301757812e+01
8.866700172424316406e+00
8.072421073913574219e+00
2.110294532775878906e+01
1.330813884735107422e+01
1.544341468811035156e+01
2.470921707153320312e+01
6.698786735534667969e+00
8.664111137390136719e+00
1.147794818878173828e+01
9.486873626708984375e+00
2.477777242660522461e+00
1.782799911499023438e+01
7.407393932342529297e+00
5.939319610595703125e+00
1.234677505493164062e+01
1.346220111846923828e+01
1.997283697128295898e+00
6.283067703247070312e+00
1.400134849548339844e+01
5.683918476104736328e+00
1.145310401916503906e+01
1.074841403961181641e+01
1.033152580261230469e+01
2.039404487609863281e+01
1.354508018493652344e+01
1.792284584045410156e+01
1.571390342712402344e+01
2.005353927612304688e+01
1.235786056518554688e+01
6.348395824432373047e+00
5.111842632293701172e+00
1.872065544128417969e+01
2.141665649414062500e+01
1.597334575653076172e+01
5.690337181091308594e+00
1.766795349121093750e+01
1.450526905059814453e+01
5.421533584594726562e+00
6.053139686584472656e+00
1.472866725921630859e+01
1.065512371063232422e+01
1.539669036865234375e+01
1.628652811050415039e+00
1.165054893493652344e+01
1.253633117675781250e+01
1.242295074462890625e+01
8.920938491821289062e+00
3.538247346878051758e+00
2.361619710922241211e+00
6.514694213867187500e+00
1.257928943634033203e+01
2.364057064056396484e+00
1.713366508483886719e+01
2.044163131713867188e+01
1.161065483093261719e+01
4.062901496887207031e+00
9.713037490844726562e+00
7.346986770629882812e+00
1.412414360046386719e+01
9.590306282043457031e+00
1.336602878570556641e+01
1.264566898345947266e+00
1.813774490356445312e+01
1.249126434326171875e+01
9.743724822998046875e+00
2.326440429687500000e+01
6.487153053283691406e+00
3.592759132385253906e+00
9.379889488220214844e+00
2.096126174926757812e+01
1.685560607910156250e+01
1.229020214080810547e+01
7.484045028686523438e+00
1.241897010803222656e+01
3.311781406402587891e+00
7.876824855804443359e+00
9.607398986816406250e+00
1.516710281372070312e+01
2.092078208923339844e+01
2.042120742797851562e+01
9.418956756591796875e+00
7.677731513977050781e+00
1.725899314880371094e+01
1.216626358032226562e+01
1.533899211883544922e+01
1.207117938995361328e+01
3.319996833801269531e+00
1.300011444091796875e+01
9.838939666748046875e+00
1.540877699851989746e+00
1.000477886199951172e+01
1.994553208351135254e+00
1.155551528930664062e+01
2.686259031295776367e+00
1.272338867187500000e+00
1.740735626220703125e+01
9.346523284912109375e+00
1.683599472045898438e+01
1.698000526428222656e+01
1.086664962768554688e+01
4.191152572631835938e+00
6.959493637084960938e+00
1.014158535003662109e+01
8.608751296997070312e+00
2.217344045639038086e+00
1.187738132476806641e+01
5.369126796722412109e+00
7.352373600006103516e+00
5.620167732238769531e+00
6.258456230163574219e+00
2.860927581787109375e+00
8.591806411743164062e+00
1.105734348297119141e+01
1.555514240264892578e+01
9.824896812438964844e+00
9.388845443725585938e+00
1.036943244934082031e+01
4.008994102478027344e+00
1.287483406066894531e+01
6.125554084777832031e+00
6.099957466125488281e+00
7.559683799743652344e+00
3.821043491363525391e+00
7.161160469055175781e+00
8.460371971130371094e+00
5.236938476562500000e+00
6.951702117919921875e+00
8.088283538818359375e-01
3.473741292953491211e+00
8.664529800415039062e+00
5.303524494171142578e+00
1.193188858032226562e+01
1.582012534141540527e+00
1.383449363708496094e+01
9.481445312500000000e+00
1.134107780456542969e+01
8.588472366333007812e+00
5.494399070739746094e+00
2.033887481689453125e+01
1.788046073913574219e+01
8.492734909057617188e+00
1.155954742431640625e+01
8.437513351440429688e+00
1.092994689941406250e+01
4.352772712707519531e+00
1.406575679779052734e+01
8.189817428588867188e+00
9.144717216491699219e+00
1.807054519653320312e+01
1.174718379974365234e+01
4.457379341125488281e+00
8.757014274597167969e+00
9.824875831604003906e+00
1.438032913208007812e+01
6.997278213500976562e+00
5.743575096130371094e+00
4.475482940673828125e+00
8.363687515258789062e+00
1.590536499023437500e+01
5.317387104034423828e+00
6.224685668945312500e+00
1.463648223876953125e+01
1.396069526672363281e+01
1.678577423095703125e+01
1.411029815673828125e+01
8.622850418090820312e+00
8.340106964111328125e+00
1.647856521606445312e+01
1.205644416809082031e+01
6.014873027801513672e+00
1.560930252075195312e+01
6.263262271881103516e+00
9.243223190307617188e+00
1.081243038177490234e+01
7.412606239318847656e+00
1.334660530090332031e+01
1.109328269958496094e+01
6.039128303527832031e+00
1.319622421264648438e+01
1.438036251068115234e+01
6.199638366699218750e+00
6.577586174011230469e+00
5.948561668395996094e+00
4.121587753295898438e+00
4.170435905456542969e+00
4.241367340087890625e+00
1.822911262512207031e+01
1.018375205993652344e+01
5.683073520660400391e+00
9.497074127197265625e+00
5.516711235046386719e+00
4.150533676147460938e+00
2.183825731277465820e+00
1.810656356811523438e+01
4.437010288238525391e+00
4.287579536437988281e+00
1.337674331665039062e+01
7.638975143432617188e+00
2.744637012481689453e+00
8.136179924011230469e+00
1.008975982666015625e+01
5.876902580261230469e+00
6.263859748840332031e+00
2.549230813980102539e+00
1.030255222320556641e+01
5.851614952087402344e+00
1.117603111267089844e+01
5.495861530303955078e+00
5.692295551300048828e+00
9.268552780151367188e+00
4.498459815979003906e+00
8.309229850769042969e+00
1.138095951080322266e+01
6.885197639465332031e+00
1.201562976837158203e+01
1.136473274230957031e+01
6.199908733367919922e+00
5.729451179504394531e+00
3.171383380889892578e+00
5.991893768310546875e+00
1.510254192352294922e+01
6.137107849121093750e+00
1.071488952636718750e+01
2.085595369338989258e+00
5.341732025146484375e+00
1.474297904968261719e+01
5.413754463195800781e+00
2.617921829223632812e+00
8.902523994445800781e+00
3.047405004501342773e+00
5.832690238952636719e+00
5.757357597351074219e+00
3.957369089126586914e+00
7.056792736053466797e+00
8.796222686767578125e+00
9.037351608276367188e+00
3.362220764160156250e+00
4.118370532989501953e+00
3.334284305572509766e+00
9.479269981384277344e+00
1.288722419738769531e+01
2.944723129272460938e+00
8.753948211669921875e+00
3.570272922515869141e+00
5.943597316741943359e+00
1.453333663940429688e+01
1.104666614532470703e+01
7.226664066314697266e+00
5.963660240173339844e+00
6.112149238586425781e+00
9.744820594787597656e+00
5.055022239685058594e+00
8.131468772888183594e+00
7.303291320800781250e+00
7.650398254394531250e+00
5.776490211486816406e+00
3.360566854476928711e+00
4.760228633880615234e+00
1.830821037292480469e+01
1.041654205322265625e+01
4.825808525085449219e+00
7.923058509826660156e+00
4.602843284606933594e+00
4.096637248992919922e+00
1.041775321960449219e+01
7.151101589202880859e+00
8.827750205993652344e+00
1.101786804199218750e+01
7.585045814514160156e+00
7.256478786468505859e+00
2.843853712081909180e+00
9.134865760803222656e+00
1.490871906280517578e+01
6.286439895629882812e+00
9.265969276428222656e+00
1.289296436309814453e+01
8.466288566589355469e+00
9.917652130126953125e+00
1.833316040039062500e+01
1.022518157958984375e+01
9.902135848999023438e+00
5.109541893005371094e+00
7.990445613861083984e+00
1.378698539733886719e+01
3.752356290817260742e+00
2.722306489944458008e+00
1.209370803833007812e+01
2.136634826660156250e+00
7.345633506774902344e+00
9.478699684143066406e+00
5.906360626220703125e+00
7.651826858520507812e+00
4.406647682189941406e+00
3.938509941101074219e+00
5.467545509338378906e+00
3.640508651733398438e+00
8.773361206054687500e+00
3.036181211471557617e+00
6.609752178192138672e+00
1.057710838317871094e+01
1.234575653076171875e+01
6.664160728454589844e+00
5.367938518524169922e+00
1.368636417388916016e+01
1.164455604553222656e+01
2.308883666992187500e+00
9.534981727600097656e+00
2.325369119644165039e+00
1.566385984420776367e+00
4.200725555419921875e+00
3.057077169418334961e+00
3.464691877365112305e+00
1.284973812103271484e+01
1.038784408569335938e+01
8.349808692932128906e+00
1.990132570266723633e+00
1.503198623657226562e+00
6.111115932464599609e+00
3.987655639648437500e+00
2.926133871078491211e+00
2.056006193161010742e+00
1.468396902084350586e+00
4.599746704101562500e+00
7.527559995651245117e-01
1.544310951232910156e+01
2.796192884445190430e+00
4.705076694488525391e+00
1.246274948120117188e+00
1.383046245574951172e+01
5.982496261596679688e+00
2.955610752105712891e+00
8.630373001098632812e+00
8.599336624145507812e+00
3.089726448059082031e+00
5.578321933746337891e+00
8.959310531616210938e+00
6.502297878265380859e+00
6.263116359710693359e+00
5.206511020660400391e+00
8.475317955017089844e+00
4.489121437072753906e+00
3.996170759201049805e+00
2.203530788421630859e+00
1.102525711059570312e+01
9.846605300903320312e+00
1.038052272796630859e+01
1.481839942932128906e+01
5.991380214691162109e+00
2.926469326019287109e+00
2.923012733459472656e+00
7.981247901916503906e+00
6.422485351562500000e+00
2.773489952087402344e+00
4.045716762542724609e+00
6.359658718109130859e+00
1.342819404602050781e+01
4.823214530944824219e+00
2.019541501998901367e+00
9.463581085205078125e+00
1.021213150024414062e+01
6.756775379180908203e+00
4.252770423889160156e+00
8.742572784423828125e+00
6.586218357086181641e+00
7.194579124450683594e+00
3.171898603439331055e+00
7.874990463256835938e+00
9.045766830444335938e+00
2.401256561279296875e+00
1.160785079002380371e+00
6.135101318359375000e+00
1.961755037307739258e+00
5.723999023437500000e+00
2.437009334564208984e+00
1.858690977096557617e+00
9.401288032531738281e-01
7.073701858520507812e+00
1.593310594558715820e+00
6.650349140167236328e+00
2.003597021102905273e+00
4.833551406860351562e+00
1.004452133178710938e+01
1.402649116516113281e+01
5.997717857360839844e+00
2.086734056472778320e+00
1.355958819389343262e+00
1.620225524902343750e+01
2.834455490112304688e+00
1.053557014465332031e+01
5.933501243591308594e+00
5.312579154968261719e+00
3.384855270385742188e+00
2.729481220245361328e+00
6.688361644744873047e+00
1.592632532119750977e+00
3.809607028961181641e+00
3.333675384521484375e+00
6.470443725585937500e+00
7.953454494476318359e+00
9.026664733886718750e+00
3.490370750427246094e+00
4.623504638671875000e+00
8.164415359497070312e+00
2.790381431579589844e+00
3.597038984298706055e+00
5.693333625793457031e+00
3.382260322570800781e+00
5.920087814331054688e+00
5.194176197052001953e+00
3.545921564102172852e+00
2.856835365295410156e+00
5.040864467620849609e+00
2.072998523712158203e+00
2.095247268676757812e+00
1.908680319786071777e+00
1.627077102661132812e+01
2.871912479400634766e+00
1.519521713256835938e+01
2.656441450119018555e+00
4.406332969665527344e+00
5.517699718475341797e+00
4.058895111083984375e+00
4.940547943115234375e+00
2.012763977050781250e+00
6.831239700317382812e+00
3.246650218963623047e+00
1.025119590759277344e+01
2.379208803176879883e+00
3.333011627197265625e+00
3.387059688568115234e+00
3.150959968566894531e+00
3.926613330841064453e+00
2.711028099060058594e+00
9.116735458374023438e+00
7.166860580444335938e+00
1.862242507934570312e+01
3.418852806091308594e+00
1.953853964805603027e+00
1.489949941635131836e+00
5.613283157348632812e+00
4.976360321044921875e+00
5.534089088439941406e+00
8.263708114624023438e+00
5.021842002868652344e+00
4.114448070526123047e+00
4.910913467407226562e+00
1.008099842071533203e+01
4.748177528381347656e+00
5.961332798004150391e+00
3.832362651824951172e+00
4.744544506072998047e+00
4.282777786254882812e+00
8.493909835815429688e+00
4.301155090332031250e+00
2.355287551879882812e+00
1.285420417785644531e+00
4.827067375183105469e+00
1.894194126129150391e+00
2.832973957061767578e+00
6.641385555267333984e+00
1.105358314514160156e+01
1.472669124603271484e+00
2.951248168945312500e+00
1.863026142120361328e+00
8.976998329162597656e+00
5.135918140411376953e+00
1.035892963409423828e+00
2.381787538528442383e+00
2.952760219573974609e+00
7.940567970275878906e+00
3.465014457702636719e+00
2.549314498901367188e+00
6.613667488098144531e+00
4.457521915435791016e+00
2.601099967956542969e+00
6.252900123596191406e+00
4.455330848693847656e+00
5.942176342010498047e+00
2.901874065399169922e+00
4.983664512634277344e+00
1.881456255912780762e+00
3.246714591979980469e+00
4.123449325561523438e+00
1.202600479125976562e+00
4.532075405120849609e+00
1.318514585494995117e+00
5.357519626617431641e+00
2.489145040512084961e+00
2.588771820068359375e+00
1.122658610343933105e+00
9.412419319152832031e+00
1.489003658294677734e+00
1.525633573532104492e+00
4.936825752258300781e+00
3.869303703308105469e+00
2.850611686706542969e+00
1.227605104446411133e+00
6.702785968780517578e+00
3.018031120300292969e+00
6.361665725708007812e+00
5.280129909515380859e+00
1.403835535049438477e+00
7.318917274475097656e+00
4.331270694732666016e+00
1.867805004119873047e+00
5.542826652526855469e+00
8.747702836990356445e-01
2.025008201599121094e+00
3.801887750625610352e+00
2.242437124252319336e+00
6.404646873474121094e+00
3.261331558227539062e+00
6.355714321136474609e+00
3.293988227844238281e+00
1.305858254432678223e+00
5.124064922332763672e+00
1.007222056388854980e+00
3.914587020874023438e+00
1.110078096389770508e+00
1.136932492256164551e+00
9.503773689270019531e+00
3.397506713867187500e+00
2.780811309814453125e+00
9.232443571090698242e-01
1.107902884483337402e+00
2.994693040847778320e+00
2.434064865112304688e+00
2.931581258773803711e+00
4.205953598022460938e+00
3.481717109680175781e+00
9.976536035537719727e-01
1.545174598693847656e+00
9.071316123008728027e-01
5.496763706207275391e+00
2.193691015243530273e+00
2.519330501556396484e+00
4.905605316162109375e+00
5.576114177703857422e+00
1.566878795623779297e+00
1.513611555099487305e+00
1.815232038497924805e+00
2.853312015533447266e+00
4.233585357666015625e+00
3.111086845397949219e+00
3.644609212875366211e+00
1.288416481018066406e+01
1.115584135055541992e+00
9.967417716979980469e-01
1.671357393264770508e+00
1.815424919128417969e+00
4.995638847351074219e+00
1.724600195884704590e+00
8.765868186950683594e+00
1.764270544052124023e+00
1.551693201065063477e+00
9.286606311798095703e-01
4.327123641967773438e+00
3.519313097000122070e+00
9.063728332519531250e+00
3.054695606231689453e+00
5.000826835632324219e+00
1.435469818115234375e+01
1.198283195495605469e+00
2.057170629501342773e+00
4.714540004730224609e+00
2.619239091873168945e+00
9.446716308593750000e+00
3.917518138885498047e+00
9.965621829032897949e-01
9.545607566833496094e+00
1.268122386932373047e+01
9.719220161437988281e+00
9.484917640686035156e+00
2.177949428558349609e+00
7.796846389770507812e+00
2.995420217514038086e+00
2.781128168106079102e+00
1.321356534957885742e+00
2.294400453567504883e+00
1.408500671386718750e+00
1.843239307403564453e+00
1.241351604461669922e+00
2.446113109588623047e+00
1.082279300689697266e+01
3.603847980499267578e+00
3.032968044281005859e+00
3.266349792480468750e+00
1.651593685150146484e+00
1.467540025711059570e+00
1.332235431671142578e+01
1.189135074615478516e+01
5.816024780273437500e+00
2.053755998611450195e+00
9.206451416015625000e+00
3.696323156356811523e+00
3.939460515975952148e+00
6.616689205169677734e+00
8.046263694763183594e+00
4.670041561126708984e+00
1.173976421356201172e+00
9.115626215934753418e-01
9.215054512023925781e+00
8.395645618438720703e-01
1.498376131057739258e+00
6.100672721862792969e+00
7.544319033622741699e-01
1.148655176162719727e+00
1.280089378356933594e+00
7.459602832794189453e+00
1.203659057617187500e+01
5.677407741546630859e+00
4.278017997741699219e+00
1.363944292068481445e+00
8.534805297851562500e+00
8.484404683113098145e-01
5.628645896911621094e+00
2.248942375183105469e+00
7.133567333221435547e-01
8.106181144714355469e+00
5.851429462432861328e+00
6.992305517196655273e-01
5.708389282226562500e-01
1.966625332832336426e+00
1.253454875946044922e+01
1.631086111068725586e+00
4.676527976989746094e+00
2.998030662536621094e+00
4.312415599822998047e+00
2.497526884078979492e+00
3.170162677764892578e+00
1.289545774459838867e+00
3.240859985351562500e+00
1.071359276771545410e+00
1.335691094398498535e+00
6.755591392517089844e+00
6.290046215057373047e+00
2.349527120590209961e+00
1.580876827239990234e+00
8.829305171966552734e-01
5.081058025360107422e+00
2.271987676620483398e+00
2.857188224792480469e+00
4.713103771209716797e+00
7.219883918762207031e+00
8.959068059921264648e-01
7.189397335052490234e+00
1.393546676635742188e+01
7.912334918975830078e+00
2.562027931213378906e+00
8.657378196716308594e+00
6.150211334228515625e+00
6.353387832641601562e+00
3.551981925964355469e+00
2.365811109542846680e+00
9.929666519165039062e+00
3.284612178802490234e+00
4.032216072082519531e+00
9.700892448425292969e+00
1.245401000976562500e+01
1.417281627655029297e+01
1.863977432250976562e+00
7.388717174530029297e+00
1.937339425086975098e+00
1.340864658355712891e+00
1.660060882568359375e+00
8.060186386108398438e+00
1.637019729614257812e+01
3.832630157470703125e+00
2.673196554183959961e+00
9.289292097091674805e-01
1.244714546203613281e+01
3.870784997940063477e+00
1.602591753005981445e+00
1.952229380607604980e+00
1.182714462280273438e+00
5.956278324127197266e+00
1.025300407409667969e+01
5.303975105285644531e+00
1.002486419677734375e+01
6.149564266204833984e+00
4.399132728576660156e+00
1.884664416313171387e+00
5.319961071014404297e+00
1.738443255424499512e+00
9.365257263183593750e+00
1.298037528991699219e+01
1.094209861755371094e+01
2.463998317718505859e+00
3.452339887619018555e+00
1.209549045562744141e+01
2.182508468627929688e+00
3.613838195800781250e+00
6.993176937103271484e+00
5.062316417694091797e+00
2.523155212402343750e+00
1.420505905151367188e+01
4.164915561676025391e+00
6.591494560241699219e+00
3.115131378173828125e+00
6.032811641693115234e+00
1.709810066223144531e+01
4.434752941131591797e+00
1.141057252883911133e+00
5.474947929382324219e+00
9.945716857910156250e-01
4.423921585083007812e+00
2.761055946350097656e+00
5.026542186737060547e+00
3.089975357055664062e+00
7.075346946716308594e+00
5.721393108367919922e+00
1.435367822647094727e+00
3.436624050140380859e+00
3.067753314971923828e+00
7.571920871734619141e+00
1.152669191360473633e+00
7.715666770935058594e+00
1.047610473632812500e+01
1.475125789642333984e+00
1.020815467834472656e+01
4.017183303833007812e+00
1.911081552505493164e+00
1.642756843566894531e+01
2.673859596252441406e+00
9.944789409637451172e-01
9.530336380004882812e+00
6.727493286132812500e+00
1.061287975311279297e+01
1.846967697143554688e+00
3.065860986709594727e+00
6.236639976501464844e+00
1.917456388473510742e+00
1.511681675910949707e+00
5.411182880401611328e+00
1.974758267402648926e+00
2.564177989959716797e+00
1.128741741180419922e+01
4.540320873260498047e+00
1.470335292816162109e+01
5.090021133422851562e+00
6.437487125396728516e+00
1.985493659973144531e+01
9.934007644653320312e+00
3.298372030258178711e+00
5.798815727233886719e+00
5.233335494995117188e+00
5.436198711395263672e+00
6.407896995544433594e+00
2.726379871368408203e+00
3.097134828567504883e+00
1.120974159240722656e+01
1.108320903778076172e+01
9.528172492980957031e+00
1.816964149475097656e+00
3.585560560226440430e+00
6.343858718872070312e+00
1.122012901306152344e+01
3.791712760925292969e+00
1.233730912208557129e+00
1.357461452484130859e+00
2.868112564086914062e+00
6.672119617462158203e+00
2.671663522720336914e+00
1.001579856872558594e+01
5.583170890808105469e+00
4.665111541748046875e+00
2.240139961242675781e+00
1.956671905517578125e+01
2.250650405883789062e+00
2.016718864440917969e+00
4.989185810089111328e+00
3.095183849334716797e+00
4.503767013549804688e+00
1.775937438011169434e+00
7.219680786132812500e+00
2.806122779846191406e+00
1.278088569641113281e+01
2.042238235473632812e+01
1.611913204193115234e+00
2.388807535171508789e+00
2.880863666534423828e+00
5.489053726196289062e+00
1.170263862609863281e+01
6.965526580810546875e+00
1.052109241485595703e+01
1.547110176086425781e+01
1.662934064865112305e+00
9.421599388122558594e+00
1.672592544555664062e+01
1.290915489196777344e+01
5.654908657073974609e+00
3.022259473800659180e+00
2.669919490814208984e+00
1.152188396453857422e+01
2.948334217071533203e+00
2.416915130615234375e+01
6.712720870971679688e+00
2.932713031768798828e+00
1.199608039855957031e+01
1.627639389038085938e+01
1.346320819854736328e+01
7.541419029235839844e+00
8.043977737426757812e+00
3.272702217102050781e+00
3.194361448287963867e+00
2.367259979248046875e+01
3.814923763275146484e+00
6.610883712768554688e+00
1.277081203460693359e+01
4.528714656829833984e+00
1.559693217277526855e+00
9.777791976928710938e+00
9.847974777221679688e+00
4.664234161376953125e+00
3.259174346923828125e+00
1.946400070190429688e+01
6.537045955657958984e+00
7.672661781311035156e+00
1.258594512939453125e+01
1.822889900207519531e+01
5.518524169921875000e+00
5.095607280731201172e+00
9.219043731689453125e+00
3.969900608062744141e+00
1.319788551330566406e+01
4.623833656311035156e+00
6.807904243469238281e+00
7.221824645996093750e+00
5.548056602478027344e+00
8.725126266479492188e+00
4.025136470794677734e+00
1.119027328491210938e+01
1.546521186828613281e+00
1.158633613586425781e+01
6.000921249389648438e+00
2.226159811019897461e+00
2.529144525527954102e+00
3.854762792587280273e+00
1.748044490814208984e+00
6.012701988220214844e+00
3.587745666503906250e+00
4.899493694305419922e+00
8.529233932495117188e+00
3.790984869003295898e+00
3.314641952514648438e+00
8.567968606948852539e-01
4.632225990295410156e+00
1.300700187683105469e+00
9.912352561950683594e-01
1.060725116729736328e+01
3.258271694183349609e+00
2.289500236511230469e+00
7.115533351898193359e+00
2.355082988739013672e+00
1.438050270080566406e+00
8.248617172241210938e+00
1.147043347358703613e+00
1.681547880172729492e+00
1.477095985412597656e+01
3.948073863983154297e+00
1.905887365341186523e+00
7.782917499542236328e+00
1.691307067871093750e+00
4.015147209167480469e+00
1.874832725524902344e+01
1.313638305664062500e+01
6.632316112518310547e+00
5.356246948242187500e+00
6.246579170227050781e+00
5.048274040222167969e+00
3.813127040863037109e+00
4.622337818145751953e+00
1.008398246765136719e+01
5.632201194763183594e+00
8.268978118896484375e+00
2.538074493408203125e+00
8.434645652770996094e+00
8.857346534729003906e+00
2.437617778778076172e+00
6.398824691772460938e+00
2.451043510437011719e+01
3.242007493972778320e+00
4.427783966064453125e+00
6.093391418457031250e+00
9.843242168426513672e-01
5.958974838256835938e+00
3.291134834289550781e+00
9.171311855316162109e-01
1.154350566864013672e+01
7.243068218231201172e+00
4.804092407226562500e+00
6.722851753234863281e+00
7.307058334350585938e+00
8.540424346923828125e+00
2.032861232757568359e+00
2.065438032150268555e+00
1.154872894287109375e+00
8.725861310958862305e-01
2.794251441955566406e+00
1.367465686798095703e+01
1.576153516769409180e+00
3.236206054687500000e+00
3.206341981887817383e+00
8.148061752319335938e+00
2.486538887023925781e+00
5.545906066894531250e+00
1.127624511718750000e+00
1.385891723632812500e+01
9.171571731567382812e-01
1.955719709396362305e+00
2.019580841064453125e+00
6.767040729522705078e+00
2.850766181945800781e+00
3.245218276977539062e+00
5.468516349792480469e+00
4.572428226470947266e+00
1.138387489318847656e+01
3.476020812988281250e+00
3.114900827407836914e+00
2.824033021926879883e+00
3.581342220306396484e+00
4.532900810241699219e+00
1.157300376892089844e+01
1.688781738281250000e+00
4.869133472442626953e+00
2.449090003967285156e+00
2.118721723556518555e+00
1.008476734161376953e+01
8.013374328613281250e+00
1.219771623611450195e+00
8.335929870605468750e+00
6.264736652374267578e+00
3.116247177124023438e+00
2.800071716308593750e+00
1.079202270507812500e+01
1.241141080856323242e+00
3.686449050903320312e+00
2.956487178802490234e+00
2.120341300964355469e+00
1.362057209014892578e+00
1.589259147644042969e+00
1.949981570243835449e+00
1.347312450408935547e+01
1.197013092041015625e+01
1.924834370613098145e+00
2.110331773757934570e+00
7.884500503540039062e+00
9.688393592834472656e+00
6.283522605895996094e+00
1.655295133590698242e+00
3.973809719085693359e+00
8.764688491821289062e+00
4.235220909118652344e+00
6.729361057281494141e+00
1.511659741401672363e+00
7.714428901672363281e+00
7.159663200378417969e+00
2.182058811187744141e+00
5.346913337707519531e+00
1.038730621337890625e+00
8.737416267395019531e-01
2.062889814376831055e+00
2.184858798980712891e+00
1.077237486839294434e+00
3.708150625228881836e+00
2.691603422164916992e+00
5.911986351013183594e+00
3.926411151885986328e+00
2.281603097915649414e+00
7.604294776916503906e+00
2.243935585021972656e+00
1.041507363319396973e+00
1.107668685913085938e+01
2.940388679504394531e+00
4.974978923797607422e+00
7.547131538391113281e+00
6.242934226989746094e+00
1.066581249237060547e+01
2.086477041244506836e+00
4.657529354095458984e+00
1.963918447494506836e+00
5.028364181518554688e+00
7.789175510406494141e+00
1.972583174705505371e+00
2.098180055618286133e+00
6.517703533172607422e+00
2.324636697769165039e+00
2.578105926513671875e+00
5.249244689941406250e+00
3.372815370559692383e+00
1.681950092315673828e+00
8.795269966125488281e+00
3.278468370437622070e+00
3.055523157119750977e+00
1.360437870025634766e+00
1.631279945373535156e+01
2.282679080963134766e+00
5.919269561767578125e+00
3.159189701080322266e+00
3.513622760772705078e+00
1.565561056137084961e+00
2.112175703048706055e+00
3.134058952331542969e+00
3.407795190811157227e+00
2.551439762115478516e+00
1.554689168930053711e+00
5.961459159851074219e+00
5.524243354797363281e+00
1.662751674652099609e+00
6.634726524353027344e+00
4.013158798217773438e+00
5.738273620605468750e+00
3.097654104232788086e+00
1.078839683532714844e+01
1.555223226547241211e+00
9.288652420043945312e+00
1.525496006011962891e+00
6.949061870574951172e+00
2.064553499221801758e+00
2.596712589263916016e+00
2.468440771102905273e+00
9.767707586288452148e-01
3.873443841934204102e+00
1.823308706283569336e+00
1.208827853202819824e+00
1.468145966529846191e+00
2.629085540771484375e+00
1.278936505317687988e+00
7.616930961608886719e+00
7.263500213623046875e+00
1.962841153144836426e+00
3.811517477035522461e+00
1.255672454833984375e+00
5.219497203826904297e+00
1.072140312194824219e+01
8.158967971801757812e+00
4.488759040832519531e+00
2.230831384658813477e+00
7.874087333679199219e+00
6.915530204772949219e+00
1.513058900833129883e+00
5.068078994750976562e+00
1.910440444946289062e+00
1.093739318847656250e+01
6.381953239440917969e+00
5.149508953094482422e+00
1.679473161697387695e+00
1.292959094047546387e+00
9.926734924316406250e+00
1.740818262100219727e+00
1.665058135986328125e+00
2.263260841369628906e+00
8.368718147277832031e+00
1.809127211570739746e+00
6.894119262695312500e+00
1.126639747619628906e+01
2.827108383178710938e+00
1.237986803054809570e+00
3.971644639968872070e+00
1.625091314315795898e+00
5.013754844665527344e+00
2.381600856781005859e+00
2.422092437744140625e+00
3.860896587371826172e+00
6.012997627258300781e+00
3.052776813507080078e+00
2.643655776977539062e+00
3.023345947265625000e+00
3.915646076202392578e+00
1.702121853828430176e+00
1.805538535118103027e+00
2.481379032135009766e+00
3.147152423858642578e+00
2.023412466049194336e+00
7.655881643295288086e-01
2.232533216476440430e+00
1.480944395065307617e+00
1.187669944763183594e+01
1.104919052124023438e+01
2.061480522155761719e+00
9.657050132751464844e+00
1.521945714950561523e+00
4.891252040863037109e+00
1.425405263900756836e+00
6.689031124114990234e+00
1.232219791412353516e+01
2.587109088897705078e+00
9.798381805419921875e+00
6.871796607971191406e+00
3.117871046066284180e+00
5.182374000549316406e+00
1.685809135437011719e+01
1.748643994331359863e+00
2.602480411529541016e+00
2.627990484237670898e+00
8.569715499877929688e+00
4.139029979705810547e+00
3.626144886016845703e+00
9.791665673255920410e-01
6.651690483093261719e+00
6.451661586761474609e+00
5.914092540740966797e+00
7.649990081787109375e+00
1.381344914436340332e+00
3.524464130401611328e+00
1.798209547996520996e+00
1.466823005676269531e+01
7.186592578887939453e+00
7.283266544342041016e+00
2.026177644729614258e+00
1.390395879745483398e+00
3.404899120330810547e+00
1.159693527221679688e+01
8.366495132446289062e+00
6.593472003936767578e+00
6.693968772888183594e+00
1.413668632507324219e+00
1.044921398162841797e+00
7.801159381866455078e+00
1.609670042991638184e+00
4.330123424530029297e+00
1.319521903991699219e+00
9.512437820434570312e+00
1.688532829284667969e+00
1.090960979461669922e+00
1.925392389297485352e+00
3.994158267974853516e+00
4.553905963897705078e+00
1.365514516830444336e+00
1.010524559020996094e+01
1.961225032806396484e+00
5.436790466308593750e+00
3.274923801422119141e+00
3.744601964950561523e+00
4.200587272644042969e+00
7.301572799682617188e+00
1.316208839416503906e+00
2.682108640670776367e+00
1.190696001052856445e+00
2.097147703170776367e+00
2.297298669815063477e+00
3.013146877288818359e+00
5.420320510864257812e+00
1.155307054519653320e+00
2.143296241760253906e+00
4.128613471984863281e+00
4.591452598571777344e+00
1.767686605453491211e+00
4.548393249511718750e+00
2.324435806274414062e+01
6.247349262237548828e+00
4.131194591522216797e+00
1.120170211791992188e+01
2.449454307556152344e+00
3.196867942810058594e+00
2.218700885772705078e+00
4.367852210998535156e+00
5.188198089599609375e+00
7.721784114837646484e+00
9.581308364868164062e-01
3.831171512603759766e+00
2.394739151000976562e+00
1.643923282623291016e+00
1.632761573791503906e+01
3.743688344955444336e+00
2.456235408782958984e+00
2.804941654205322266e+00
1.797257304191589355e+00
8.312825202941894531e+00
1.867681145668029785e+00
1.984233379364013672e+00
7.270863533020019531e+00
8.345726966857910156e+00
7.442716598510742188e+00
7.359651088714599609e+00
3.052984714508056641e+00
3.928106784820556641e+00
2.413301467895507812e+01
1.768956375122070312e+01
3.346566677093505859e+00
3.445062160491943359e+00
2.302423238754272461e+00
9.830473899841308594e+00
2.239388465881347656e+00
8.099694252014160156e+00
1.416255378723144531e+01
6.726225852966308594e+00
3.290726661682128906e+00
1.386442565917968750e+01
3.133391141891479492e+00
6.336470603942871094e+00
1.898205637931823730e+00
1.425540924072265625e+00
3.642667531967163086e+00
1.406685829162597656e+00
1.384998321533203125e+00
5.295629024505615234e+00
1.360979461669921875e+01
3.004159450531005859e+00
3.650465011596679688e+00
1.725084686279296875e+01
6.377564430236816406e+00
9.910773277282714844e+00
4.242899894714355469e+00
1.353762054443359375e+01
4.890284538269042969e+00
3.206333160400390625e+00
2.108656167984008789e+00
5.147545337677001953e+00
2.246358156204223633e+00
7.897134780883789062e+00
8.963732719421386719e+00
2.180829286575317383e+00
7.712729930877685547e+00
2.175121307373046875e+00
2.521941661834716797e+00
2.134670972824096680e+00
3.187767028808593750e+00
4.261081695556640625e+00
3.572135448455810547e+00
1.126862144470214844e+01
1.403155040740966797e+01
1.518930196762084961e+00
8.550309181213378906e+00
4.503429412841796875e+00
1.072466468811035156e+01
5.485901832580566406e+00
2.632613658905029297e+00
2.231459617614746094e+00
1.418313503265380859e+00
1.291822147369384766e+01
2.528844833374023438e+00
6.525358200073242188e+00
4.691426753997802734e+00
2.794739484786987305e+00
7.124464035034179688e+00
6.993843555450439453e+00
1.096822071075439453e+01
6.913748741149902344e+00
1.858149290084838867e+00
3.641774654388427734e+00
1.702220916748046875e+00
9.316028594970703125e+00
9.763301849365234375e+00
1.191990375518798828e+01
1.121673297882080078e+01
4.038724899291992188e+00
3.479938268661499023e+00
2.673127651214599609e+00
8.722379684448242188e+00
4.986807346343994141e+00
1.662607192993164062e+00
3.497806072235107422e+00
1.944168853759765625e+01
1.383669376373291016e+00
1.644484996795654297e+00
3.323874950408935547e+00
3.298999309539794922e+00
1.318128776550292969e+01
1.239443302154541016e+00
1.764582872390747070e+00
1.097983169555664062e+01
3.962968349456787109e+00
6.656576156616210938e+00
6.586620330810546875e+00
6.223408222198486328e+00
2.674224615097045898e+00
1.800868630409240723e+00
1.815290212631225586e+00
1.803875207901000977e+00
1.037680053710937500e+01
2.868881702423095703e+00
3.476440429687500000e+00
6.785947322845458984e+00
1.897804260253906250e+00
2.005555629730224609e+00
4.752454757690429688e+00
2.854647159576416016e+00
8.555031776428222656e+00
1.906643390655517578e+00
4.983407974243164062e+00
2.435981273651123047e+00
2.279215812683105469e+00
1.002256011962890625e+01
1.955402135848999023e+00
8.379854202270507812e+00
5.157378673553466797e+00
3.277005434036254883e+00
1.285124421119689941e+00
2.736365079879760742e+00
7.543081283569335938e+00
9.363162994384765625e+00
1.322397136688232422e+01
2.031402587890625000e+00
3.396412849426269531e+00
3.847505331039428711e+00
1.550535583496093750e+01
2.051018476486206055e+00
6.942366123199462891e+00
5.672595500946044922e+00
1.706986546516418457e+00
2.480892181396484375e+00
1.149796676635742188e+01
3.317106246948242188e+00
2.911746978759765625e+00
1.414097118377685547e+01
3.007444381713867188e+00
2.724871158599853516e+00
3.751967906951904297e+00
1.049039268493652344e+01
7.173107624053955078e+00
5.492758274078369141e+00
5.561341285705566406e+00
6.984876632690429688e+00
5.034687995910644531e+00
5.550430297851562500e+00
3.295951366424560547e+00
5.363654136657714844e+00
2.404150009155273438e+00
5.668921470642089844e+00
2.174676895141601562e+00
3.103410243988037109e+00
4.075836658477783203e+00
3.629212379455566406e+00
3.040340185165405273e+00
1.773566603660583496e+00
6.051489830017089844e+00
1.531956672668457031e+00
2.011018514633178711e+00
5.476455688476562500e+00
7.272646427154541016e+00
6.286094665527343750e+00
2.632959127426147461e+00
3.610387802124023438e+00
3.585603713989257812e+00
5.999696731567382812e+00
8.480105400085449219e+00
3.691283702850341797e+00
9.315876960754394531e+00
1.363224983215332031e+01
2.040148258209228516e+00
6.567245483398437500e+00
5.837272167205810547e+00
4.950661659240722656e+00
2.997241497039794922e+00
1.612766981124877930e+00
1.041944503784179688e+01
2.572875261306762695e+00
3.267312765121459961e+00
8.771666526794433594e+00
1.854207277297973633e+00
7.890093326568603516e+00
1.501598167419433594e+01
7.350481986999511719e+00
3.253987073898315430e+00
9.461743354797363281e+00
6.543669700622558594e+00
4.840730667114257812e+00
7.891212463378906250e+00
4.282985687255859375e+00
4.317994117736816406e+00
1.623837661743164062e+01
9.356815338134765625e+00
8.816246986389160156e+00
8.028898239135742188e+00
5.688113212585449219e+00
4.389464378356933594e+00
1.580322265625000000e+00
4.355019092559814453e+00
5.034502506256103516e+00
4.846104621887207031e+00
2.757097482681274414e+00
3.232259273529052734e+00
1.862701177597045898e+00
5.401605606079101562e+00
3.200694084167480469e+00
4.748033523559570312e+00
1.348284530639648438e+01
3.790444135665893555e+00
2.080689048767089844e+01
1.046244812011718750e+01
4.615029335021972656e+00
2.071777343750000000e+00
3.950179338455200195e+00
7.631822586059570312e+00
1.875199198722839355e+00
9.792284965515136719e+00
1.123367404937744141e+01
1.331797885894775391e+01
1.215285301208496094e+01
6.152716636657714844e+00
3.373792648315429688e+00
2.198705673217773438e+00
3.399926662445068359e+00
3.316894292831420898e+00
1.119295406341552734e+01
1.170515155792236328e+01
3.644888877868652344e+00
3.992938280105590820e+00
1.738887023925781250e+01
3.626946687698364258e+00
8.016275405883789062e+00
9.657762527465820312e+00
5.514737129211425781e+00
6.734705924987792969e+00
3.476024627685546875e+00
8.251182556152343750e+00
1.979899787902832031e+01
5.433112621307373047e+00
7.881993293762207031e+00
5.036712169647216797e+00
9.251287460327148438e+00
1.768670272827148438e+01
4.959033012390136719e+00
6.216527462005615234e+00
3.832732439041137695e+00
5.251277923583984375e+00
6.461118221282958984e+00
4.035511970520019531e+00
7.279869079589843750e+00
5.297874450683593750e+00
3.619274854660034180e+00
6.680304527282714844e+00
1.359473228454589844e+01
4.301438808441162109e+00
3.326732158660888672e+00
2.558882522583007812e+01
5.742719650268554688e+00
1.119166851043701172e+01
8.461748123168945312e+00
5.238906383514404297e+00
6.241470336914062500e+00
1.106118869781494141e+01
6.208659172058105469e+00
9.970000267028808594e+00
5.161852836608886719e+00
8.570303916931152344e+00
4.845904350280761719e+00
6.482156276702880859e+00
1.038250732421875000e+01
1.590351772308349609e+01
2.085696029663085938e+01
1.957501983642578125e+01
2.117397880554199219e+01
3.485202789306640625e+00
8.021712303161621094e+00
7.800109386444091797e+00
1.596117782592773438e+01
6.079922676086425781e+00
4.529281139373779297e+00
6.584019660949707031e+00
1.062390327453613281e+01
6.408108711242675781e+00
5.652138710021972656e+00
1.058369159698486328e+01
7.223535537719726562e+00
3.023627519607543945e+00
6.600534439086914062e+00
6.911750793457031250e+00
2.260762786865234375e+01
1.376663494110107422e+01
8.841466903686523438e+00
1.688351631164550781e+01
1.033172130584716797e+01
1.410661888122558594e+01
7.413335800170898438e+00
6.294476509094238281e+00
1.100784015655517578e+01
5.504074096679687500e+00
2.149617004394531250e+01
8.550696372985839844e+00
6.818031787872314453e+00
1.685773849487304688e+01
2.234122276306152344e+01
3.996368885040283203e+00
7.141781806945800781e+00
1.793904495239257812e+01
5.901904106140136719e+00
6.420475006103515625e+00
4.253488540649414062e+00
5.702161788940429688e+00
3.302443981170654297e+00
1.145729637145996094e+01
5.007839202880859375e+00
4.519976615905761719e+00
4.465481281280517578e+00
1.336220550537109375e+01
2.085304069519042969e+01
5.050553798675537109e+00
9.864658355712890625e+00
1.490369510650634766e+01
3.245920944213867188e+01
4.209356307983398438e+00
2.023548889160156250e+01
9.718877792358398438e+00
1.240473651885986328e+01
5.442523479461669922e+00
1.408948230743408203e+01
3.973077535629272461e+00
1.366602230072021484e+01
1.573966217041015625e+01
6.586841583251953125e+00
1.084137916564941406e+01
5.299756050109863281e+00
5.557056427001953125e+00
1.681901741027832031e+01
1.101862907409667969e+01
1.103883171081542969e+01
1.066814899444580078e+01
4.811731338500976562e+00
7.694601058959960938e+00
1.123403930664062500e+01
7.627958774566650391e+00
2.864495277404785156e+00
7.695030212402343750e+00
4.311328887939453125e+00
1.082460498809814453e+01
1.162508201599121094e+01
2.506848335266113281e+00
6.744074821472167969e+00
5.232109069824218750e+00
5.805704593658447266e+00
1.511854743957519531e+01
5.259956836700439453e+00
6.026960372924804688e+00
1.099491214752197266e+01
8.132257461547851562e+00
7.635362625122070312e+00
3.852008342742919922e+00
1.396033859252929688e+01
1.926496505737304688e+01
1.308752727508544922e+01
9.647751808166503906e+00
4.970854282379150391e+00
4.127629280090332031e+00
1.547338104248046875e+01
9.932567596435546875e+00
7.522373676300048828e+00
5.674015045166015625e+00
5.597172737121582031e+00
8.140795707702636719e+00
2.170963478088378906e+01
6.625065803527832031e+00
6.939140796661376953e+00
3.753868579864501953e+00
4.018719673156738281e+00
8.421838760375976562e+00
7.849125862121582031e+00
5.229611396789550781e+00
1.248947906494140625e+01
2.364054679870605469e+00
5.179337501525878906e+00
1.005651187896728516e+01
3.350863933563232422e+00
4.804851531982421875e+00
3.893985271453857422e+00
3.420480012893676758e+00
1.354057312011718750e+01
1.369051456451416016e+01
1.090628433227539062e+01
8.004693984985351562e+00
6.182931423187255859e+00
1.351116180419921875e+01
1.596978378295898438e+01
4.752485275268554688e+00
4.719752311706542969e+00
5.889311790466308594e+00
1.045474433898925781e+01
1.877975273132324219e+01
1.298048496246337891e+01
1.123422718048095703e+01
1.979468345642089844e+01
1.051771831512451172e+01
3.286449909210205078e+00
6.281085968017578125e+00
3.772590255737304688e+01
1.019957256317138672e+01
6.186070442199707031e+00
6.880448818206787109e+00
6.948545455932617188e+00
6.656896591186523438e+00
4.633727550506591797e+00
1.054113006591796875e+01
1.312180709838867188e+01
8.191207885742187500e+00
3.165699386596679688e+01
1.042417430877685547e+01
1.467239570617675781e+01
1.727158355712890625e+01
1.873429107666015625e+01
1.186993503570556641e+01
1.347043037414550781e+01
1.071731376647949219e+01
9.663735389709472656e+00
6.937161445617675781e+00
6.406394958496093750e+00
6.555887222290039062e+00
8.115692138671875000e+00
1.550670242309570312e+01
2.381744766235351562e+01
3.903783082962036133e+00
2.377775669097900391e+00
2.932429313659667969e+00
1.003616333007812500e+01
1.207590866088867188e+01
7.921749591827392578e+00
1.062905597686767578e+01
9.828293800354003906e+00
3.617090702056884766e+00
8.721014022827148438e+00
5.063119888305664062e+00
1.160828113555908203e+01
1.728158378601074219e+01
1.195945167541503906e+01
9.501094818115234375e+00
7.644659042358398438e+00
1.107194328308105469e+01
8.175484657287597656e+00
1.288608360290527344e+01
1.444482612609863281e+01
9.261611938476562500e+00
1.491604042053222656e+01
5.022303104400634766e+00
1.453526687622070312e+01
9.209607124328613281e+00
1.094147968292236328e+01
1.218136692047119141e+01
1.599042987823486328e+01
4.552248001098632812e+00
2.528154945373535156e+01
6.239453315734863281e+00
7.476468563079833984e+00
1.849551391601562500e+01
1.110490512847900391e+01
7.188467979431152344e+00
2.164989662170410156e+01
6.266751289367675781e+00
3.386141777038574219e+00
5.156289100646972656e+00
3.537892103195190430e+00
4.317359924316406250e+00
1.770975470542907715e+00
4.092555046081542969e+00
3.645363330841064453e+00
5.747044563293457031e+00
3.823254108428955078e+00
9.958455085754394531e+00
6.500680923461914062e+00
3.295869350433349609e+00
4.098666191101074219e+00
1.328497886657714844e+01
3.789243936538696289e+00
1.081791400909423828e+01
1.020535278320312500e+01
6.320878982543945312e+00
1.211732196807861328e+01
3.769240856170654297e+00
2.912006378173828125e+00
4.207317829132080078e+00
7.009161949157714844e+00
3.097781658172607422e+00
7.231600761413574219e+00
1.253935623168945312e+01
3.850682020187377930e+00
1.541459465026855469e+01
4.427358150482177734e+00
6.688295364379882812e+00
4.051185607910156250e+00
6.697443008422851562e+00
7.426774024963378906e+00
6.750184059143066406e+00
7.044312477111816406e+00
3.098542690277099609e+00
4.193675041198730469e+00
2.951271533966064453e+00
1.112342166900634766e+01
3.594701290130615234e+00
3.346742630004882812e+00
7.428432941436767578e+00
7.397818565368652344e+00
9.692949295043945312e+00
1.508833885192871094e+01
6.777178287506103516e+00
5.549653530120849609e+00
1.232742309570312500e+01
3.432025432586669922e+00
5.460187911987304688e+00
4.996094226837158203e+00
5.468175888061523438e+00
6.182573318481445312e+00
8.364967346191406250e+00
3.939855575561523438e+00
7.539188861846923828e+00
7.887453079223632812e+00
2.627223014831542969e+00
6.042366027832031250e+00
4.424745082855224609e+00
1.489167499542236328e+01
1.096502494812011719e+01
8.056130409240722656e+00
2.872076988220214844e+00
5.819103717803955078e+00
2.486002206802368164e+00
5.249607086181640625e+00
5.244155406951904297e+00
4.178254127502441406e+00
3.282452106475830078e+00
1.650538253784179688e+01
5.789028644561767578e+00
3.743460416793823242e+00
1.125548362731933594e+01
9.541611671447753906e+00
1.254829692840576172e+01
6.814729690551757812e+00
1.336618041992187500e+01
6.158684730529785156e+00
3.787428617477416992e+00
6.804724693298339844e+00
1.478420543670654297e+01
4.154144763946533203e+00
1.192288589477539062e+01
4.660782814025878906e+00
4.162933349609375000e+00
6.074218273162841797e+00
3.613090991973876953e+00
6.774321079254150391e+00
2.319068908691406250e+00
1.172198486328125000e+01
6.569138526916503906e+00
3.542784452438354492e+00
2.781236171722412109e+00
2.119351005554199219e+01
1.002292156219482422e+01
3.908042907714843750e+00
3.316903114318847656e+00
2.086227893829345703e+00
4.038625240325927734e+00
7.687039375305175781e+00
3.026650190353393555e+00
7.856331348419189453e+00
1.304221820831298828e+01
5.125315189361572266e+00
1.383044338226318359e+01
3.266703367233276367e+00
1.013127708435058594e+01
4.350108146667480469e+00
7.420663833618164062e+00
5.723771572113037109e+00
1.081340885162353516e+01
1.186205577850341797e+01
1.580640506744384766e+01
4.008058547973632812e+00
8.272745132446289062e+00
9.513597488403320312e+00
6.873251914978027344e+00
5.446015357971191406e+00
7.958938598632812500e+00
6.936919689178466797e+00
2.799062728881835938e+00
6.586364746093750000e+00
8.054139137268066406e+00
5.183850765228271484e+00
4.801633834838867188e+00
6.861925125122070312e+00
2.557052135467529297e+00
2.715901136398315430e+00
6.201760768890380859e+00
3.479082107543945312e+00
1.701501250267028809e+00
5.093656539916992188e+00
3.623390674591064453e+00
6.394512176513671875e+00
3.505868434906005859e+00
8.285264968872070312e+00
1.159061145782470703e+01
4.104884147644042969e+00
6.482679367065429688e+00
1.775629520416259766e+00
3.352932214736938477e+00
4.731513977050781250e+00
6.049303054809570312e+00
4.196135520935058594e+00
4.371605873107910156e+00
3.498427629470825195e+00
6.622001647949218750e+00
4.998678684234619141e+00
8.176593780517578125e+00
1.343375873565673828e+01
5.127739906311035156e+00
3.714538812637329102e+00
2.876679658889770508e+00
6.326241016387939453e+00
1.932250976562500000e+00
4.160675048828125000e+00
1.090298557281494141e+01
2.574780941009521484e+00
6.174500465393066406e+00
7.109439373016357422e+00
2.504491806030273438e+00
3.146841526031494141e+00
1.417745590209960938e+00
9.303988456726074219e+00
4.006374835968017578e+00
6.399981498718261719e+00
2.907617807388305664e+00
3.262556552886962891e+00
4.840055465698242188e+00
4.043670654296875000e+00
4.890920639038085938e+00
4.420996665954589844e+00
6.968343734741210938e+00
7.593636035919189453e+00
6.874292373657226562e+00
3.863229751586914062e+00
7.180329799652099609e+00
6.480517387390136719e+00
6.533746719360351562e+00
9.451322555541992188e+00
4.111266136169433594e+00
5.249333381652832031e+00
2.672775745391845703e+00
5.329246520996093750e+00
6.939097881317138672e+00
3.516834497451782227e+00
1.263264656066894531e+01
6.006554126739501953e+00
3.904452085494995117e+00
1.350406455993652344e+01
3.314286708831787109e+00
7.281246185302734375e+00
3.869821548461914062e+00
6.088761806488037109e+00
2.618863821029663086e+00
5.799715995788574219e+00
6.393628597259521484e+00
3.829780101776123047e+00
9.393142700195312500e+00
1.626717209815979004e+00
2.386928081512451172e+00
8.851198196411132812e+00
2.573441505432128906e+00
7.747988700866699219e+00
4.124496936798095703e+00
1.025419521331787109e+01
2.684830665588378906e+00
2.257893085479736328e+00
7.901445865631103516e+00
6.899349212646484375e+00
4.052826881408691406e+00
5.151567459106445312e+00
5.896965026855468750e+00
2.177369356155395508e+00
3.596807003021240234e+00
1.959999799728393555e+00
3.071554183959960938e+00
7.781650066375732422e+00
2.657472610473632812e+00
3.883356571197509766e+00
8.281137466430664062e+00
7.021116733551025391e+00
5.041675567626953125e+00
8.212989807128906250e+00
4.826096057891845703e+00
3.883430957794189453e+00
4.106869697570800781e+00
3.910621643066406250e+00
4.190515041351318359e+00
3.785900592803955078e+00
1.085262966156005859e+01
3.762288808822631836e+00
4.972814083099365234e+00
4.635219573974609375e+00
4.881570816040039062e+00
9.853193283081054688e+00
8.014870643615722656e+00
5.136851310729980469e+00
1.133764648437500000e+01
4.192604064941406250e+00
7.375270843505859375e+00
3.400086402893066406e+00
2.685914278030395508e+00
4.238416671752929688e+00
1.521159553527832031e+01
3.164929628372192383e+00
3.843499660491943359e+00
3.907463550567626953e+00
5.008265018463134766e+00
3.656773567199707031e+00
4.575916767120361328e+00
2.752140998840332031e+00
3.470927476882934570e+00
9.330535888671875000e+00
2.882340908050537109e+00
5.479564666748046875e+00
6.798444747924804688e+00
3.672047138214111328e+00
1.755257415771484375e+01
2.674988508224487305e+00
1.401258563995361328e+01
2.228600025177001953e+00
1.753855228424072266e+00
7.139495372772216797e+00
3.841637372970581055e+00
3.845978736877441406e+00
1.987160205841064453e+00
1.865866851806640625e+01
8.494799613952636719e+00
1.245445728302001953e+01
2.620359420776367188e+00
1.982057189941406250e+01
6.175523757934570312e+00
2.668654441833496094e+00
1.385956859588623047e+01
3.081235885620117188e+00
4.199756622314453125e+00
5.138510227203369141e+00
4.143167972564697266e+00
1.251448917388916016e+01
6.100815773010253906e+00
4.223633766174316406e+00
7.731513023376464844e+00
2.255453586578369141e+00
4.098339080810546875e+00
2.227428674697875977e+00
2.487031698226928711e+00
6.099320411682128906e+00
3.349395751953125000e+00
3.976171493530273438e+00
3.203533172607421875e+00
7.364060401916503906e+00
7.462687015533447266e+00
7.064313888549804688e+00
3.138944625854492188e+00
8.497625350952148438e+00
4.287685394287109375e+00
8.157627105712890625e+00
2.643040180206298828e+00
2.684761047363281250e+00
1.223866653442382812e+01
5.107104778289794922e+00
3.210895538330078125e+00
3.970206737518310547e+00
4.888169288635253906e+00
3.137991428375244141e+00
1.984380125999450684e+00
2.240199327468872070e+00
2.003343582153320312e+00
8.084054946899414062e+00
3.322410106658935547e+00
6.145120143890380859e+00
2.082206249237060547e+00
2.317240715026855469e+00
3.449491977691650391e+00
3.895017147064208984e+00
2.856713294982910156e+00
2.442624330520629883e+00
3.210731267929077148e+00
2.084423303604125977e+00
1.970351099967956543e+00
2.462126731872558594e+00
6.701058387756347656e+00
1.988175511360168457e+00
2.538748741149902344e+00
5.513604164123535156e+00
4.315048217773437500e+00
3.027043342590332031e+00
7.632022380828857422e+00
7.986747741699218750e+00
7.953769683837890625e+00
7.020144462585449219e+00
1.284328699111938477e+00
4.552768707275390625e+00
4.803397178649902344e+00
2.085466384887695312e+00
3.561024188995361328e+00
4.990422248840332031e+00
5.036662578582763672e+00
2.896764278411865234e+00
2.237376451492309570e+00
2.524760246276855469e+00
3.096646070480346680e+00
1.091903877258300781e+01
7.639553070068359375e+00
4.336005687713623047e+00
1.593945264816284180e+00
9.377231001853942871e-01
2.741440534591674805e+00
1.147760391235351562e+01
4.843137741088867188e+00
3.484801769256591797e+00
1.030548954010009766e+01
2.635990619659423828e+00
1.983217000961303711e+00
1.823603820800781250e+01
9.404065132141113281e+00
3.722101926803588867e+00
5.514524459838867188e+00
2.997123241424560547e+00
3.865167379379272461e+00
9.199575424194335938e+00
2.976954221725463867e+00
2.092995405197143555e+00
1.588728904724121094e+00
6.736601829528808594e+00
4.185475349426269531e+00
4.420801639556884766e+00
8.969290733337402344e+00
7.325724124908447266e+00
2.284926891326904297e+00
5.788928985595703125e+00
2.163898468017578125e+00
2.592832803726196289e+00
1.211224317550659180e+00
2.771083354949951172e+00
2.277150869369506836e+00
2.682339906692504883e+00
8.680710792541503906e+00
3.489728450775146484e+00
4.091851234436035156e+00
5.568671226501464844e+00
3.220084667205810547e+00
1.101585102081298828e+01
2.091791868209838867e+00
2.483238697052001953e+00
9.507331848144531250e+00
6.585179805755615234e+00
4.151708602905273438e+00
3.687748432159423828e+00
1.223788261413574219e+01
1.118523788452148438e+01
3.264895915985107422e+00
3.018190383911132812e+00
5.724197387695312500e+00
2.523407936096191406e+00
2.172826290130615234e+00
3.080636978149414062e+00
4.643931388854980469e+00
8.768205642700195312e+00
2.961218357086181641e+00
2.981539249420166016e+00
2.665451526641845703e+00
2.741250038146972656e+00
1.635426044464111328e+00
3.520312786102294922e+00
2.348512649536132812e+00
7.002385139465332031e+00
2.195570755004882812e+01
3.588739871978759766e+00
2.472171306610107422e+00
3.164207458496093750e+00
8.925471305847167969e+00
4.346528530120849609e+00
5.157696723937988281e+00
4.258296966552734375e+00
3.010894536972045898e+00
2.158643484115600586e+00
2.846203804016113281e+00
2.497796773910522461e+00
3.086721897125244141e+00
9.335066795349121094e+00
1.020769500732421875e+01
5.073420524597167969e+00
2.532015800476074219e+00
5.793234825134277344e+00
4.060352325439453125e+00
2.446985721588134766e+00
3.796681404113769531e+00
4.935264110565185547e+00
9.175780296325683594e+00
5.167710304260253906e+00
7.878643989562988281e+00
1.078301334381103516e+01
2.476274967193603516e+00
1.512756347656250000e+01
3.455718517303466797e+00
5.750196456909179688e+00
2.985664367675781250e+00
7.299495697021484375e+00
1.455088996887207031e+01
2.273024559020996094e+00
3.094769954681396484e+00
7.104438781738281250e+00
2.907861709594726562e+00
9.845189094543457031e+00
5.921564579010009766e+00
3.771428346633911133e+00
7.410407066345214844e+00
3.482257366180419922e+00
5.067173957824707031e+00
2.327013492584228516e+00
1.248831748962402344e+01
3.528348684310913086e+00
6.898689746856689453e+00
3.487482070922851562e+00
5.891684532165527344e+00
4.695296764373779297e+00
3.830337524414062500e+00
7.575287342071533203e+00
3.363881587982177734e+00
4.374755859375000000e+00
3.441789150238037109e+00
4.687202453613281250e+00
3.861463546752929688e+00
1.416796207427978516e+01
1.178687763214111328e+01
2.856971979141235352e+00
2.697901248931884766e+00
4.389081954956054688e+00
3.667371034622192383e+00
2.144936084747314453e+00
3.646181583404541016e+00
2.693812847137451172e+00
9.448057174682617188e+00
3.047486305236816406e+00
6.875426292419433594e+00
5.903288364410400391e+00
7.342150688171386719e+00
2.692894220352172852e+00
6.906787872314453125e+00
4.616729736328125000e+00
4.134378433227539062e+00
3.325993061065673828e+00
3.758366346359252930e+00
1.310033512115478516e+01
3.325829982757568359e+00
4.984218120574951172e+00
4.527364253997802734e+00
3.022508144378662109e+00
3.348830699920654297e+00
3.025950431823730469e+00
2.794672012329101562e+00
3.408167839050292969e+00
3.988875150680541992e+00
3.976543426513671875e+00
9.882879257202148438e+00
8.443333625793457031e+00
4.519309997558593750e+00
1.032304573059082031e+01
1.457327175140380859e+01
9.036745071411132812e+00
3.704453945159912109e+00
5.359907150268554688e+00
4.214317798614501953e+00
3.028428554534912109e+00
5.724277496337890625e+00
6.580800056457519531e+00
3.324731349945068359e+00
4.798525810241699219e+00
5.722451210021972656e+00
5.030969619750976562e+00
2.270322799682617188e+00
5.346901893615722656e+00
3.740260362625122070e+00
3.218416213989257812e+00
4.529131889343261719e+00
3.270188331604003906e+00
6.637187957763671875e+00
3.830112457275390625e+00
7.747501373291015625e+00
4.675760269165039062e+00
8.494032859802246094e+00
4.000957489013671875e+00
2.157688856124877930e+00
5.827817916870117188e+00
6.609847068786621094e+00
9.404979705810546875e+00
4.613938808441162109e+00
1.064859390258789062e+01
1.187708091735839844e+01
3.539707183837890625e+00
8.399038314819335938e+00
3.435162067413330078e+00
6.115717887878417969e+00
3.443396568298339844e+00
6.987637996673583984e+00
9.292045593261718750e+00
5.133324623107910156e+00
5.930445671081542969e+00
5.773242950439453125e+00
5.317974090576171875e+00
4.565309047698974609e+00
3.559740781784057617e+00
3.354301929473876953e+00
4.500087738037109375e+00
3.444626331329345703e+00
5.241446018218994141e+00
1.157048034667968750e+01
2.899512290954589844e+00
5.411615848541259766e+00
3.671943187713623047e+00
5.325126647949218750e+00
9.307601928710937500e+00
4.159056186676025391e+00
2.916089057922363281e+00
5.131650924682617188e+00
4.271848201751708984e+00
2.641418933868408203e+00
2.540437698364257812e+00
4.515055656433105469e+00
2.707762241363525391e+00
4.600250244140625000e+00
3.686499118804931641e+00
2.893204212188720703e+00
2.145664215087890625e+00
7.146235942840576172e+00
4.347559928894042969e+00
4.827534198760986328e+00
3.462603569030761719e+00
5.994359016418457031e+00
1.102495384216308594e+01
3.591680049896240234e+00
1.032731246948242188e+01
3.404579162597656250e+00
4.418346881866455078e+00
5.105674743652343750e+00
2.565570354461669922e+00
3.922755956649780273e+00
1.473950958251953125e+01
6.480332374572753906e+00
8.829011917114257812e+00
7.678206443786621094e+00
9.321352005004882812e+00
3.226428985595703125e+00
2.292496204376220703e+00
4.088914871215820312e+00
5.524521827697753906e+00
4.203371047973632812e+00
6.544879436492919922e+00
7.043682098388671875e+00
2.606256484985351562e+00
3.675409317016601562e+00
3.409145832061767578e+00
4.290067672729492188e+00
5.807313919067382812e+00
7.453444957733154297e+00
5.088373184204101562e+00
6.077515602111816406e+00
6.022554397583007812e+00
6.406409263610839844e+00
6.124483108520507812e+00
3.639532566070556641e+00
5.297739505767822266e+00
7.744125366210937500e+00
7.975053787231445312e+00
3.525650739669799805e+00
1.067191219329833984e+01
5.619086742401123047e+00
4.196366310119628906e+00
5.419215202331542969e+00
6.510416030883789062e+00
6.097841262817382812e+00
7.314295768737792969e+00
3.787609577178955078e+00
2.691749811172485352e+00
5.445487499237060547e+00
4.978998661041259766e+00
3.341108798980712891e+00
4.485498905181884766e+00
3.138324975967407227e+00
4.567445755004882812e+00
3.137902736663818359e+00
6.236847400665283203e+00
3.709212303161621094e+00
6.869152069091796875e+00
4.667374610900878906e+00
3.655024528503417969e+00
3.023363590240478516e+00
2.171398162841796875e+00
3.896309375762939453e+00
3.598250389099121094e+00
7.035886287689208984e+00
3.798727035522460938e+00
6.001712799072265625e+00
4.374812126159667969e+00
7.718820571899414062e+00
6.103156089782714844e+00
9.087238311767578125e+00
8.909584045410156250e+00
5.639663696289062500e+00
5.292452812194824219e+00
1.160771369934082031e+01
3.289744853973388672e+00
5.529670715332031250e+00
3.752925872802734375e+00
3.134311199188232422e+00
9.795805931091308594e+00
7.355607986450195312e+00
8.791240692138671875e+00
3.896957874298095703e+00
9.820741653442382812e+00
6.009453296661376953e+00
5.987209320068359375e+00
5.262665748596191406e+00
6.723925590515136719e+00
9.660051345825195312e+00
7.569967269897460938e+00
4.464247703552246094e+00
6.900816440582275391e+00
6.063967704772949219e+00
1.046814155578613281e+01
5.118810653686523438e+00
5.368552684783935547e+00
6.142969131469726562e+00
5.796928405761718750e+00
1.456820583343505859e+01
5.064893722534179688e+00
7.157692909240722656e+00
1.064496898651123047e+01
7.453030586242675781e+00
3.687783479690551758e+00
8.198057174682617188e+00
9.145649909973144531e+00
3.848396301269531250e+00
3.055829286575317383e+00
4.430699825286865234e+00
6.485046863555908203e+00
7.521066665649414062e+00
4.388607978820800781e+00
8.911940574645996094e+00
6.559803009033203125e+00
3.068584203720092773e+00
5.667100906372070312e+00
4.960476398468017578e+00
7.366559028625488281e+00
1.713770103454589844e+01
3.230481624603271484e+00
5.081100463867187500e+00
8.607453346252441406e+00
6.852654457092285156e+00
9.303801536560058594e+00
7.960256099700927734e+00
4.803563117980957031e+00
5.226665496826171875e+00
5.025809288024902344e+00
5.893862247467041016e+00
2.716423034667968750e+00
9.303723335266113281e+00
7.147944450378417969e+00
8.472311973571777344e+00
8.721921920776367188e+00
4.494826316833496094e+00
4.062306404113769531e+00
5.165461540222167969e+00
2.899878025054931641e+00
4.199570655822753906e+00
4.375189781188964844e+00
5.205033779144287109e+00
4.264912128448486328e+00
1.009596061706542969e+01
5.063038349151611328e+00
4.749279022216796875e+00
1.077792549133300781e+01
4.184959888458251953e+00
9.160663604736328125e+00
6.844238281250000000e+00
7.428807258605957031e+00
5.267457008361816406e+00
2.801284313201904297e+00
5.055756568908691406e+00
9.256340980529785156e+00
8.400294303894042969e+00
8.109916687011718750e+00
1.130731773376464844e+01
6.813958168029785156e+00
7.096360206604003906e+00
3.124916076660156250e+00
8.849043846130371094e+00
3.056089878082275391e+00
9.029457092285156250e+00
4.600831985473632812e+00
3.973349094390869141e+00
3.288938045501708984e+00
6.441116333007812500e+00
7.997213363647460938e+00
5.478497982025146484e+00
1.606260681152343750e+01
4.975929260253906250e+00
3.584119081497192383e+00
2.963157653808593750e+00
4.774465560913085938e+00
5.735738754272460938e+00
4.673551559448242188e+00
1.216158580780029297e+01
5.217164993286132812e+00
4.688450813293457031e+00
4.237155914306640625e+00
4.148007392883300781e+00
1.354813575744628906e+01
4.843263626098632812e+00
1.451851654052734375e+01
5.886888980865478516e+00
1.018636226654052734e+01
1.170236587524414062e+01
7.755152702331542969e+00
3.108777761459350586e+00
1.570869827270507812e+01
2.565988063812255859e+00
6.535232067108154297e+00
2.876688480377197266e+00
9.559316635131835938e+00
7.420683860778808594e+00
4.520861148834228516e+00
6.343464851379394531e+00
8.233062744140625000e+00
9.712053298950195312e+00
3.192584037780761719e+00
6.537732124328613281e+00
4.591466426849365234e+00
1.392925834655761719e+01
5.879545688629150391e+00
4.951797485351562500e+00
3.640895605087280273e+00
5.216922760009765625e+00
5.642928123474121094e+00
7.690996170043945312e+00
8.541400909423828125e+00
5.512892723083496094e+00
7.049660205841064453e+00
7.923544883728027344e+00
7.631424427032470703e+00
3.594883918762207031e+00
4.101419448852539062e+00
3.738172054290771484e+00
1.658807754516601562e+01
5.624445915222167969e+00
4.916973114013671875e+00
5.610783576965332031e+00
1.065962219238281250e+01
1.051258563995361328e+01
3.060023784637451172e+00
1.013368415832519531e+01
9.192487716674804688e+00
7.623888969421386719e+00
3.230041503906250000e+00
6.741314888000488281e+00
6.348373413085937500e+00
9.713493347167968750e+00
7.041556358337402344e+00
5.951049804687500000e+00
7.892055511474609375e+00
3.899021387100219727e+00
4.289490222930908203e+00
7.069758415222167969e+00
7.322225570678710938e+00
6.407285690307617188e+00
7.308207035064697266e+00
4.562210559844970703e+00
4.255418300628662109e+00
8.166028976440429688e+00
5.108406066894531250e+00
6.468014717102050781e+00
9.881236076354980469e+00
6.254683494567871094e+00
3.591746330261230469e+00
1.506145858764648438e+01
4.428595542907714844e+00
6.226149082183837891e+00
4.185411930084228516e+00
6.185085296630859375e+00
3.649947881698608398e+00
7.937567710876464844e+00
4.067930221557617188e+00
4.567917823791503906e+00
4.085596084594726562e+00
1.178028297424316406e+01
6.578348159790039062e+00
5.799828529357910156e+00
2.891349792480468750e+00
5.253538131713867188e+00
9.200799942016601562e+00
4.661213874816894531e+00
5.435974121093750000e+00
6.817341804504394531e+00
3.192642688751220703e+00
4.619253158569335938e+00
6.033068656921386719e+00
3.073563575744628906e+00
3.842077970504760742e+00
5.799179077148437500e+00
1.998817801475524902e+00
4.669695854187011719e+00
6.576107501983642578e+00
5.612055301666259766e+00
7.421922683715820312e+00
8.289744377136230469e+00
5.952511787414550781e+00
9.325866699218750000e+00
6.017604827880859375e+00
6.753050804138183594e+00
8.112113952636718750e+00
3.282388448715209961e+00
6.422695159912109375e+00
4.897361755371093750e+00
4.138111114501953125e+00
4.022602081298828125e+00
7.167401313781738281e+00
5.417364120483398438e+00
4.372275829315185547e+00
1.511122322082519531e+01
7.458317756652832031e+00
6.259280681610107422e+00
5.795548439025878906e+00
4.352789878845214844e+00
6.765374183654785156e+00
5.663558959960937500e+00
5.004369735717773438e+00
8.281452178955078125e+00
5.308174133300781250e+00
1.159457492828369141e+01
5.601329326629638672e+00
4.250616550445556641e+00
4.950883388519287109e+00
5.018451690673828125e+00
5.212042808532714844e+00
6.076161384582519531e+00
3.075867176055908203e+00
4.449515819549560547e+00
6.442483901977539062e+00
1.339879035949707031e+01
4.526988983154296875e+00
3.532822608947753906e+00
4.245228767395019531e+00
7.419052124023437500e+00
8.285297393798828125e+00
6.156695842742919922e+00
4.455662250518798828e+00
5.278244972229003906e+00
6.837035179138183594e+00
2.721940517425537109e+00
1.194329833984375000e+01
4.048379421234130859e+00
4.888793468475341797e+00
6.550726890563964844e+00
4.458054542541503906e+00
5.387475967407226562e+00
6.418530464172363281e+00
9.703585624694824219e+00
1.402716541290283203e+01
7.641380786895751953e+00
8.147003173828125000e+00
9.920257568359375000e+00
7.589993000030517578e+00
1.147809791564941406e+01
5.877075195312500000e+00
6.506636619567871094e+00
9.043613433837890625e+00
6.776548385620117188e+00
8.322344779968261719e+00
8.661396026611328125e+00
6.154988288879394531e+00
1.383099460601806641e+01
5.496847629547119141e+00
6.644700527191162109e+00
8.097826004028320312e+00
7.264787673950195312e+00
4.407653808593750000e+00
4.680566787719726562e+00
6.854873180389404297e+00
9.324098587036132812e+00
7.716187477111816406e+00
1.222329521179199219e+01
5.388458728790283203e+00
7.470013618469238281e+00
6.761895179748535156e+00
7.018034458160400391e+00
8.097373008728027344e+00
4.579366207122802734e+00
4.924231529235839844e+00
1.289987945556640625e+01
3.850237369537353516e+00
8.604802131652832031e+00
1.167299747467041016e+01
4.504639148712158203e+00
5.323673248291015625e+00
8.457342147827148438e+00
6.180181503295898438e+00
6.550723075866699219e+00
6.342092990875244141e+00
7.382381439208984375e+00
7.381359100341796875e+00
5.214617729187011719e+00
8.539631843566894531e+00
1.576903247833251953e+01
6.251731872558593750e+00
8.098038673400878906e+00
9.570193290710449219e+00
9.508234024047851562e+00
9.119352340698242188e+00
4.355534553527832031e+00
6.877369880676269531e+00
5.090900802612304688e+01
8.121599197387695312e+00
1.380704784393310547e+01
8.020083427429199219e+00
7.087388992309570312e+00
5.743169307708740234e+00
1.354479789733886719e+01
7.058392524719238281e+00
7.933400630950927734e+00
1.194215583801269531e+01
9.458967208862304688e+00
9.797460556030273438e+00
5.383504867553710938e+00
4.804320335388183594e+00
6.069373130798339844e+00
6.006097316741943359e+00
9.009749412536621094e+00
9.343553543090820312e+00
6.976618766784667969e+00
7.369077682495117188e+00
1.007569694519042969e+01
7.129624366760253906e+00
4.264641761779785156e+00
6.735895156860351562e+00
1.093409538269042969e+01
1.759101867675781250e+01
1.205447292327880859e+01
4.235557556152343750e+00
6.429678440093994141e+00
3.293777084350585938e+01
8.420446395874023438e+00
7.135733604431152344e+00
6.125384330749511719e+00
1.267157554626464844e+01
6.251596927642822266e+00
1.010658836364746094e+01
5.602420806884765625e+00
6.690307140350341797e+00
1.221254730224609375e+01
7.075876235961914062e+00
3.874021053314208984e+00
6.394307136535644531e+00
7.895742893218994141e+00
7.347200870513916016e+00
9.100862503051757812e+00
1.726410675048828125e+01
6.647524833679199219e+00
6.642443180084228516e+00
7.865461826324462891e+00
8.920556068420410156e+00
5.870482921600341797e+00
4.377705574035644531e+00
2.194118690490722656e+01
1.299595451354980469e+01
1.867012977600097656e+01
6.615135192871093750e+00
7.332832336425781250e+00
9.162225723266601562e+00
5.068260192871093750e+00
1.074736404418945312e+01
4.656803131103515625e+00
9.393555641174316406e+00
1.083527755737304688e+01
7.043122291564941406e+00
9.250148773193359375e+00
1.404250621795654297e+01
8.323387145996093750e+00
1.482583618164062500e+01
7.118842124938964844e+00
1.594299030303955078e+01
9.001185417175292969e+00
1.859350585937500000e+01
8.994086265563964844e+00
1.263847160339355469e+01
7.752924442291259766e+00
1.037044906616210938e+01
4.438526630401611328e+00
1.074161148071289062e+01
1.620160293579101562e+01
1.217385673522949219e+01
8.032144546508789062e+00
5.004184722900390625e+00
6.901360511779785156e+00
9.082576751708984375e+00
5.955088615417480469e+00
2.149449157714843750e+01
7.672628402709960938e+00
6.467437744140625000e+00
7.748066425323486328e+00
7.154325485229492188e+00
9.500683784484863281e+00
7.304741382598876953e+00
6.357643127441406250e+00
4.252863883972167969e+00
5.599700450897216797e+00
8.506408691406250000e+00
6.830299854278564453e+00
8.250653266906738281e+00
1.604981994628906250e+01
1.460016822814941406e+01
3.260738754272460938e+01
1.261575698852539062e+01
1.246225166320800781e+01
7.751208305358886719e+00
9.925828933715820312e+00
1.254939651489257812e+01
1.390153884887695312e+01
5.211926460266113281e+00
1.435407066345214844e+01
1.180417633056640625e+01
7.964702129364013672e+00
7.044844627380371094e+00
1.156604003906250000e+01
7.440254211425781250e+00
8.296998977661132812e+00
7.124051094055175781e+00
8.993930816650390625e+00
1.049419593811035156e+01
1.102700996398925781e+01
9.081272125244140625e+00
8.158272743225097656e+00
8.655531883239746094e+00
1.260566329956054688e+01
2.039335632324218750e+01
8.279584884643554688e+00
1.559403038024902344e+01
1.202830219268798828e+01
1.029636001586914062e+01
6.944564342498779297e+00
1.149131107330322266e+01
7.483987808227539062e+00
1.094920635223388672e+01
1.470420169830322266e+01
9.004938125610351562e+00
8.216152191162109375e+00
1.122502708435058594e+01
1.115591526031494141e+01
7.131543636322021484e+00
1.084196090698242188e+01
1.262896060943603516e+01
1.566928863525390625e+01
4.553140640258789062e+00
1.523506355285644531e+01
1.884069442749023438e+01
1.337585258483886719e+01
1.654388809204101562e+01
2.616385650634765625e+01
9.767743110656738281e+00
1.572746276855468750e+01
2.327874755859375000e+01
1.913185119628906250e+01
9.557846069335937500e+00
3.957316207885742188e+01
9.081583023071289062e+00
7.534264564514160156e+00
1.109133148193359375e+01
7.281151294708251953e+00
6.777127265930175781e+00
8.486524581909179688e+00
1.022456169128417969e+01
1.109778213500976562e+01
1.126977634429931641e+01
7.356173515319824219e+00
1.119683074951171875e+01
6.538950443267822266e+00
2.763202667236328125e+01
1.329192066192626953e+01
1.146280288696289062e+01
7.861504077911376953e+00
9.078386306762695312e+00
8.567725181579589844e+00
1.329271411895751953e+01
1.028851127624511719e+01
8.961840629577636719e+00
7.349014759063720703e+00
1.003435134887695312e+01
1.257029056549072266e+01
9.481347084045410156e+00
1.175117492675781250e+01
9.344465255737304688e+00
5.721128463745117188e+00
9.040270805358886719e+00
2.058214759826660156e+01
2.305462455749511719e+01
8.856708526611328125e+00
1.332737541198730469e+01
1.034331703186035156e+01
9.621416091918945312e+00
1.358738613128662109e+01
2.113465881347656250e+01
5.845622539520263672e+00
9.267498016357421875e+00
8.802913665771484375e+00
9.163630485534667969e+00
1.664271545410156250e+01
1.738915824890136719e+01
9.656597137451171875e+00
6.744822502136230469e+00
1.395511245727539062e+01
9.916051864624023438e+00
8.962217330932617188e+00
1.674671936035156250e+01
1.635945320129394531e+01
6.395040035247802734e+00
6.797869682312011719e+00
1.421162986755371094e+01
8.794928550720214844e+00
1.387980079650878906e+01
7.718800544738769531e+00
1.030165195465087891e+01
4.496897697448730469e+00
1.170069789886474609e+01
9.147262573242187500e+00
8.187495231628417969e+00
1.239993476867675781e+01
8.623783111572265625e+00
8.296007156372070312e+00
2.365778541564941406e+01
2.215490150451660156e+01
2.201087951660156250e+01
5.692173957824707031e+00
9.072578430175781250e+00
8.276590347290039062e+00
1.369579792022705078e+01
1.177004623413085938e+01
1.131785869598388672e+01
3.135836982727050781e+01
6.997854232788085938e+00
8.693862915039062500e+00
9.175251007080078125e+00
1.838351821899414062e+01
1.241264533996582031e+01
2.791016769409179688e+01
1.711674499511718750e+01
1.256537055969238281e+01
6.301562309265136719e+00
1.027989959716796875e+01
2.308231925964355469e+01
9.476573944091796875e+00
1.864074325561523438e+01
6.985829353332519531e+00
3.096108627319335938e+01
7.808485031127929688e+00
1.074819755554199219e+01
1.333294010162353516e+01
7.594141960144042969e+00
4.701797485351562500e+00
1.559291839599609375e+01
1.289862155914306641e+01
1.058270168304443359e+01
1.549816608428955078e+01
1.539376926422119141e+01
1.181855773925781250e+01
1.299297523498535156e+01
1.037276077270507812e+01
1.520195865631103516e+01
8.991398811340332031e+00
1.430007839202880859e+01
1.412422752380371094e+01
1.370487213134765625e+01
1.409222984313964844e+01
1.133027458190917969e+01
1.126396751403808594e+01
1.476602554321289062e+01
1.318552970886230469e+01
1.004454612731933594e+01
1.207061195373535156e+01
1.195739746093750000e+01
6.638680934906005859e+00
1.067279624938964844e+01
9.384231567382812500e+00
1.039313697814941406e+01
6.751459121704101562e+00
7.259560585021972656e+00
7.560493469238281250e+00
1.249744033813476562e+01
8.416491508483886719e+00
1.251923561096191406e+01
9.458534240722656250e+00
1.540926742553710938e+01
1.056036949157714844e+01
1.444799232482910156e+01
9.224331855773925781e+00
9.890781402587890625e+00
9.495565414428710938e+00
1.497615051269531250e+01
1.007934856414794922e+01
1.979335975646972656e+01
1.017007827758789062e+01
1.069824028015136719e+01
1.150782203674316406e+01
1.244863700866699219e+01
4.981040954589843750e+00
1.512099266052246094e+01
9.092677116394042969e+00
6.944956779479980469e+00
6.583648681640625000e+00
1.420574951171875000e+01
8.201761245727539062e+00
2.261837577819824219e+01
7.564288139343261719e+00
7.675709724426269531e+00
8.937228202819824219e+00
9.409503936767578125e+00
7.379858016967773438e+00
9.090098381042480469e+00
1.554354667663574219e+01
3.460265731811523438e+01
5.111519336700439453e+00
6.363530158996582031e+00
5.196582794189453125e+00
1.716877937316894531e+01
6.507249355316162109e+00
9.183179855346679688e+00
6.954094886779785156e+00
5.480122089385986328e+00
1.173332977294921875e+01
5.701929569244384766e+00
1.490864753723144531e+01
9.307777404785156250e+00
1.312257575988769531e+01
1.643436431884765625e+01
1.095035743713378906e+01
8.245502471923828125e+00
1.228316688537597656e+01
8.709197998046875000e+00
1.656042861938476562e+01
2.500062179565429688e+01
7.457865715026855469e+00
8.298729896545410156e+00
8.662487983703613281e+00
7.608248710632324219e+00
5.756713867187500000e+00
8.926181793212890625e+00
1.085105705261230469e+01
2.403997421264648438e+01
9.751893997192382812e+00
1.888108062744140625e+01
2.149348449707031250e+01
1.227941322326660156e+01
9.224790573120117188e+00
2.127047348022460938e+01
1.320269298553466797e+01
1.058956146240234375e+01
1.756352233886718750e+01
1.373030090332031250e+01
7.436859130859375000e+00
1.934883117675781250e+01
3.118070220947265625e+01
9.428638458251953125e+00
1.983592605590820312e+01
1.265201950073242188e+01
1.269536304473876953e+01
1.548267364501953125e+01
1.313534450531005859e+01
1.010655784606933594e+01
1.550897502899169922e+01
1.269096088409423828e+01
1.417774772644042969e+01
9.452774047851562500e+00
1.741904449462890625e+01
1.870955085754394531e+01
1.395335578918457031e+01
1.023052215576171875e+01
8.955736160278320312e+00
8.947937011718750000e+00
1.043858909606933594e+01
7.759348869323730469e+00
1.825425338745117188e+01
9.236473083496093750e+00
8.124156951904296875e+00
5.044104099273681641e+00
1.345326995849609375e+01
1.396772956848144531e+01
1.016013908386230469e+01
3.255453872680664062e+01
1.089918422698974609e+01
1.107055282592773438e+01
8.973674774169921875e+00
2.625044441223144531e+01
1.045750617980957031e+01
1.531964969635009766e+01
1.499146175384521484e+01
9.978834152221679688e+00
1.682850265502929688e+01
1.905503463745117188e+01
1.291677379608154297e+01
2.250662803649902344e+01
1.318476104736328125e+01
6.814938545227050781e+00
1.303782558441162109e+01
1.145067596435546875e+01
2.794881820678710938e+01
1.738309478759765625e+01
9.936096191406250000e+00
1.224144172668457031e+01
1.309057617187500000e+01
7.766656875610351562e+00
1.961920928955078125e+01
1.395866012573242188e+01
7.362027168273925781e+00
1.028627777099609375e+01
1.190518760681152344e+01
8.976942062377929688e+00
1.054219436645507812e+01
1.590514945983886719e+01
2.404655838012695312e+01
1.410226058959960938e+01
9.256643295288085938e+00
1.529110527038574219e+01
1.230316829681396484e+01
1.397633934020996094e+01
1.069613647460937500e+01
3.088865661621093750e+01
9.544395446777343750e+00
1.297376346588134766e+01
2.113657569885253906e+01
9.342238426208496094e+00
1.118002891540527344e+01
9.099257469177246094e+00
2.035201644897460938e+01
8.375432968139648438e+00
2.103781318664550781e+01
1.761577224731445312e+01
1.281969356536865234e+01
1.223298263549804688e+01
1.296153736114501953e+01
1.925557136535644531e+01
1.628552246093750000e+01
9.501480102539062500e+00
1.224036979675292969e+01
1.006801319122314453e+01
1.011748886108398438e+01
1.541675472259521484e+01
1.890386772155761719e+01
2.531795501708984375e+01
1.024994850158691406e+01
8.587411880493164062e+00
2.642396163940429688e+01
2.273481559753417969e+01
1.307964992523193359e+01
1.285119152069091797e+01
1.379766464233398438e+01
1.003676509857177734e+01
9.110235214233398438e+00
1.039732646942138672e+01
1.511476898193359375e+01
9.383846282958984375e+00
1.436926078796386719e+01
1.759138870239257812e+01
1.144629383087158203e+01
2.347337341308593750e+01
1.569919204711914062e+01
1.820345306396484375e+01
1.768754959106445312e+01
1.706130409240722656e+01
7.834110736846923828e+00
9.180391311645507812e+00
2.101811218261718750e+01
2.416688156127929688e+01
2.011274719238281250e+01
1.907188796997070312e+01
1.906348037719726562e+01
1.469822502136230469e+01
1.306808471679687500e+01
1.989540100097656250e+01
3.141699028015136719e+01
1.286475753784179688e+01
1.214359188079833984e+01
1.735908889770507812e+01
1.951982498168945312e+01
1.324530506134033203e+01
1.519619750976562500e+01
2.398320198059082031e+01
1.346228218078613281e+01
1.413794326782226562e+01
1.906061172485351562e+01
2.276263427734375000e+01
1.645387268066406250e+01
1.477311229705810547e+01
1.238660812377929688e+01
2.460527610778808594e+01
1.795977020263671875e+01
1.843773651123046875e+01
1.362745189666748047e+01
2.022735977172851562e+01
1.938843154907226562e+01
1.286861515045166016e+01
1.238845157623291016e+01
1.068101882934570312e+01
1.435172557830810547e+01
1.154043674468994141e+01
1.123774433135986328e+01
1.796714401245117188e+01
1.025017547607421875e+01
1.789053535461425781e+01
9.685564041137695312e+00
1.492319107055664062e+01
1.366815185546875000e+01
9.644266128540039062e+00
1.093087768554687500e+01
8.357676506042480469e+00
1.154557228088378906e+01
1.635154342651367188e+01
6.807575225830078125e+00
1.902386093139648438e+01
7.235364913940429688e+00
1.259268474578857422e+01
2.091370582580566406e+01
2.179547882080078125e+01
1.671257400512695312e+01
1.154177665710449219e+01
1.962390136718750000e+01
1.939289855957031250e+01
1.502025032043457031e+01
9.169672012329101562e+00
1.692737197875976562e+01
1.709788513183593750e+01
1.606698989868164062e+01
1.512652587890625000e+01
1.888002967834472656e+01
1.846750259399414062e+01
1.154070377349853516e+01
1.208160781860351562e+01
3.015581130981445312e+01
1.505332946777343750e+01
2.054765510559082031e+01
1.055381584167480469e+01
1.348705005645751953e+01
6.587522029876708984e+00
1.589083480834960938e+01
8.579387664794921875e+00
1.517059326171875000e+01
3.048545455932617188e+01
8.932868003845214844e+00
1.278911399841308594e+01
1.106653022766113281e+01
1.731003952026367188e+01
8.901344299316406250e+00
1.136004638671875000e+01
1.387171173095703125e+01
2.180824661254882812e+01
1.377071571350097656e+01
1.228820514678955078e+01
1.484683799743652344e+01
1.547956275939941406e+01
1.846580886840820312e+01
1.681434822082519531e+01
1.253724193572998047e+01
1.262003707885742188e+01
1.584335327148437500e+01
2.007837295532226562e+01
1.333509445190429688e+01
1.915374374389648438e+01
1.959565734863281250e+01
1.722811698913574219e+01
1.757015800476074219e+01
2.812067413330078125e+01
1.410489082336425781e+01
1.199961185455322266e+01
1.156930637359619141e+01
1.605155181884765625e+01
1.364921760559082031e+01
1.115656757354736328e+01
2.574778366088867188e+01
1.620808601379394531e+01
4.096876525878906250e+01
2.192179870605468750e+01
2.777476882934570312e+01
1.226103782653808594e+01
2.026746749877929688e+01
1.950864410400390625e+01
2.160554695129394531e+01
1.651241874694824219e+01
1.657476043701171875e+01
4.077618408203125000e+01
1.082795810699462891e+01
1.886656951904296875e+01
2.137866973876953125e+01
1.995041847229003906e+01
1.907171630859375000e+01
1.568503570556640625e+01
2.803543281555175781e+01
1.554962730407714844e+01
2.619644165039062500e+01
2.392171096801757812e+01
1.297124767303466797e+01
2.966463088989257812e+01
2.382269668579101562e+01
1.056704902648925781e+01
1.960292053222656250e+01
1.842672157287597656e+01
2.204055786132812500e+01
9.797189712524414062e+00
1.910841560363769531e+01
1.531152629852294922e+01
2.124021530151367188e+01
2.911814308166503906e+01
1.587700939178466797e+01
1.110325241088867188e+01
1.160784626007080078e+01
2.616303634643554688e+01
2.040840148925781250e+01
2.520908737182617188e+01
2.625814819335937500e+01
1.991329765319824219e+01
2.019079971313476562e+01
2.169731903076171875e+01
1.548090457916259766e+01
2.085619926452636719e+01
1.873993492126464844e+01
3.147364807128906250e+01
1.117604923248291016e+01
1.649556732177734375e+01
1.259844303131103516e+01
2.953375816345214844e+01
2.525395393371582031e+01
1.515268421173095703e+01
3.876587677001953125e+01
2.215426635742187500e+01
1.173410797119140625e+01
1.568937397003173828e+01
2.897723770141601562e+01
2.187372398376464844e+01
8.566002845764160156e+00
2.942800712585449219e+01
2.539693069458007812e+01
1.762278747558593750e+01
2.341793060302734375e+01
2.191146469116210938e+01
1.735638618469238281e+01
1.654994964599609375e+01
2.792021560668945312e+01
2.116453933715820312e+01
1.292731666564941406e+01
3.039409446716308594e+01
3.043865966796875000e+01
2.680687713623046875e+01
1.474233818054199219e+01
2.975634193420410156e+01
2.438655471801757812e+01
2.080944824218750000e+01
1.979891204833984375e+01
1.759016799926757812e+01
1.396539688110351562e+01
2.116724014282226562e+01
1.214317417144775391e+01
1.965188598632812500e+01
2.949184989929199219e+01
1.768600273132324219e+01
1.326204299926757812e+01
2.352891159057617188e+01
1.484393882751464844e+01
1.761977386474609375e+01
1.974344444274902344e+01
1.371584415435791016e+01
1.493391227722167969e+01
1.152417755126953125e+01
1.619357490539550781e+01
1.478886413574218750e+01
3.363127136230468750e+01
2.438308334350585938e+01
1.824142837524414062e+01
2.441104888916015625e+01
2.437687683105468750e+01
1.570601081848144531e+01
2.927462387084960938e+01
2.334437179565429688e+01
1.988734436035156250e+01
1.350666236877441406e+01
2.778028869628906250e+01
2.653415298461914062e+01
1.709821701049804688e+01
4.118280410766601562e+01
2.344646453857421875e+01
4.111519622802734375e+01
1.551636314392089844e+01
1.739524269104003906e+01
3.466828536987304688e+01
1.704143905639648438e+01
2.088264274597167969e+01
1.774503135681152344e+01
2.655922698974609375e+01
1.507033920288085938e+01
2.878630638122558594e+01
1.493226528167724609e+01
1.024087619781494141e+01
2.062877845764160156e+01
1.958283424377441406e+01
2.839579391479492188e+01
2.157400894165039062e+01
2.608199691772460938e+01
2.778980636596679688e+01
2.108139419555664062e+01
3.168065261840820312e+01
2.995005989074707031e+01
1.485332679748535156e+01
1.563146114349365234e+01
2.536369705200195312e+01
9.406472206115722656e+00
2.425990295410156250e+01
2.786638832092285156e+01
2.452732467651367188e+01
1.773911666870117188e+01
4.137100982666015625e+01
4.993356704711914062e+01
1.753555679321289062e+01
4.207803344726562500e+01
4.075616455078125000e+01
1.714953231811523438e+01
2.699028015136718750e+01
2.736046981811523438e+01
2.818094635009765625e+01
1.753079605102539062e+01
2.253868103027343750e+01
2.771850395202636719e+01
2.857423400878906250e+01
1.465088653564453125e+01
3.284076690673828125e+01
2.327548599243164062e+01
1.529301071166992188e+01
2.499317550659179688e+01
2.024144744873046875e+01
2.297151756286621094e+01
2.282595062255859375e+01
3.215785217285156250e+01
1.546164131164550781e+01
3.383221435546875000e+01
2.037210083007812500e+01
1.717411041259765625e+01
1.612161636352539062e+01
4.416335296630859375e+01
6.611164855957031250e+01
1.629822921752929688e+01
2.375177574157714844e+01
3.081749916076660156e+01
2.384424972534179688e+01
3.258636093139648438e+01
4.216818237304687500e+01
2.495052719116210938e+01
2.661511993408203125e+01
3.736664962768554688e+01
2.319592666625976562e+01
2.778808212280273438e+01
1.955350112915039062e+01
3.529991149902343750e+01
2.178663635253906250e+01
5.287255096435546875e+01
1.836208152770996094e+01
2.958927726745605469e+01
2.078963088989257812e+01
3.321935272216796875e+01
1.826114273071289062e+01
2.615017127990722656e+01
2.833730506896972656e+01
2.585398864746093750e+01
3.499621582031250000e+01
2.327002716064453125e+01
1.479585361480712891e+01
1.565363979339599609e+01
2.665826416015625000e+01
4.124312591552734375e+01
2.836322593688964844e+01
1.638261795043945312e+01
3.609221649169921875e+01
4.171894073486328125e+01
2.957255172729492188e+01
3.452585601806640625e+01
1.942365646362304688e+01
5.413910675048828125e+01
