2.956439414793903819e-01
5.675141522284999240e+00
-6.936986512907920011e-01
-5.061697845334441226e+00
-7.870276252669635042e+00
-9.442250094979618424e+00
-1.041356724078155160e+01
-2.514040451263197973e+00
-8.667508387207180087e-01
-2.660454425936153555e+00
-2.418594932669230424e+00
-3.094022576081940201e+00
-4.252747950763756890e+00
-3.948980239994916985e+00
-3.263701774397951727e+00
4.316494429040238501e-01
1.710110602063491525e+00
4.581745014977677499e+00
3.409344052384206680e+00
2.368183046473391506e+00
2.740561212297842886e+00
2.615990248102486149e+00
2.755866095707769858e+00
5.883635335535617905e+00
6.087276383071583474e+00
7.119840472298808010e+00
7.103779961086683414e+00
9.082767843758556836e+00
8.769568952594468669e+00
8.206125916449398261e+00
8.255926980659189951e+00
1.011871038040081139e+01
1.062029242240071270e+01
1.030793088056539730e+01
1.138654995291775229e+01
1.208720415051134900e+01
1.134514292631661903e+01
1.190769326195511368e+01
1.113402686377621897e+01
1.177464832906725611e+01
1.101364094240830305e+01
1.030947374834039110e+01
1.142046693241010757e+01
1.094468335543940540e+01
1.070146816976297366e+01
1.046882755737682302e+01
1.106901971091368964e+01
1.193857753253445253e+01
1.180162306405830819e+01
1.315819143260133117e+01
1.389484889719118499e+01
1.334421097908245812e+01
1.370274086977325823e+01
1.387944126855491156e+01
1.496985242301231089e+01
1.470253362974423439e+01
1.516372179118656582e+01
1.468800123082423781e+01
1.479979405250735169e+01
1.425811614561391849e+01
1.431354402424322991e+01
1.408268041094898315e+01
1.514495625950856272e+01
1.490831631795374079e+01
1.467895760536983651e+01
1.445654915680362684e+01
1.424077976640357335e+01
1.493589159902344576e+01
1.471942940193615001e+01
1.585646237071987663e+01
1.668899395235675343e+01
1.652211550407113450e+01
1.605315679574630749e+01
1.583622224445243987e+01
1.538906233503849208e+01
1.495350804531862998e+01
1.475930664213267463e+01
1.434306731798480428e+01
1.496821786659059406e+01
1.463626620874334172e+01
1.445557156419095435e+01
1.514371609464605761e+01
1.606964215055486633e+01
1.587833688685778277e+01
1.549593603510642836e+01
1.531575073237263318e+01
1.491307058894803994e+01
1.474360387770999381e+01
1.553186759823596397e+01
1.537193597693939751e+01
1.520301360356643805e+01
1.583204592538028876e+01
1.629860745573492053e+01
1.640092350687578815e+01
1.702038651827706772e+01
1.791012290591709188e+01
1.772548246358805102e+01
1.839246838986555588e+01
1.868727343189194201e+01
1.955960317220514355e+01
1.936594373485657883e+01
1.964257078850715033e+01
2.021945076078913317e+01
2.107500357076033737e+01
2.087428925103881028e+01
2.067736199395353935e+01
2.131354158796850484e+01
2.159429346681154271e+01
2.139618068271235529e+01
2.120166994923314974e+01
2.101066391365447572e+01
2.117082656441607469e+01
2.098347411694336628e+01
2.118102279979830982e+01
2.130712712318185353e+01
2.179107774434548617e+01
2.160482921661603939e+01
2.183836593792056391e+01
2.202556930536609059e+01
2.184202289448804279e+01
2.149871591536305360e+01
2.132249693245024247e+01
2.146210386112582569e+01
2.128902237837481337e+01
2.099537464001382858e+01
2.144193743460786905e+01
2.123218054940450372e+01
2.119925251155565604e+01
2.178258309613009303e+01
2.201434489345083634e+01
2.254089467152394377e+01
2.237013031795179430e+01
2.287122312491448994e+01
2.270054235532557385e+01
2.253239018973057028e+01
2.302571339853205146e+01
2.349714827769155434e+01
2.332687908727350035e+01
2.356874094628216554e+01
2.340039279666586225e+01
2.361722256372031836e+01
2.406544997773196926e+01
2.438853036723903855e+01
2.421916557302209938e+01
2.392230643174759308e+01
2.431798329142340265e+01
2.405445251216841740e+01
2.418975214187255673e+01
2.445224305566734913e+01
2.428922810196289817e+01
