-16.479049304653415
-16.823197975032734
-8.775317979054032
-4.4097160443890075
28.902974698368574
-12.873561150453593
93.16207885248366
-17.693746663318702
30.940690263516398
13.73220381376579
-13.083640360818393
150.85698306903745
25.912992813001264
40.40893094653754
36.61526453418617
37.51911340619336
91.63041513292934
115.54824878827927
33.38799205618498
26.32453775761364
-6.219411586089089
68.36584765525154
66.35545622360263
-9.919382909882108
101.17741199251314
-13.08375597255995
125.84062770160209
114.01201741215348
14.789922172390405
70.31682298284768
115.41120130567151
-13.05893290471196
29.584392683502223
115.37193259215465
-6.1258186578078515
43.826882310688134
-10.779538035455833
62.842828658446116
30.35530864583639
61.731894573350075
34.05283623344044
80.65652280049322
-1.494494510551192
-1.494396147220197
37.925542077181305
35.72856585624642
115.44574452690796
36.0262357070562
-8.47456073781031
126.02708426609438
2.9673852427383913
116.64277743882438
17.3448433303608
35.50978910483924
113.95107720682506
24.754721527177914
94.7426575448435
24.259087781315607
113.76272374843384
47.829999087845025
99.96900588650077
24.72476560353244
96.41237597566746
100.4376458328158
102.42113253883174
69.63157537522888
74.07645602724946
108.38897181972803
79.1513475551958
111.36738937531469
133.89097690379117
-2.8312688739406333
33.648531454538634
62.40120763419337
70.3990531106329
104.40095847391032
113.99380227411334
81.03659609080253
87.88450594569126
115.64278443098823
135.70789138405294
88.81295310746086
95.53982582540996
-15.41126965100814
-13.119035880352897
107.11832682316651
-13.099889378280817
-3.8823436184938913
6.129110842587714
-3.898184583007442
-3.971801006561865
-1.589909395953459
-1.5960929754829891
-3.941681372182634
-1.5957625758292728
35.62494666438701
-6.661194346676867
72.39018954302095
-18.500226382631915
-16.99706265802919
33.82531195178947
115.17076556810751
23.66013560593874
59.57968859258804
83.06917093429257
110.48331022527323
113.99536992935752
-10.8004175557307
78.12156747711514
102.38714937701681
-10.800650985034071
87.48579907648205
101.18463170169744
67.08300026149908
125.69741164054605
108.87039988387993
55.31614039786029
114.08884279131067
111.07333549685316
184.08868054161417
12.275352861495264
-14.927624949998522
30.08453746692392
22.23995516865562
-8.589217636223491
89.51209552036995
82.8833784008169
88.29976760287015
86.80432702564684
53.3285632862536
10.60537547109664
31.94305745019473
42.70764972602264
184.52324532176846
86.43874137154367
55.45990736872942
76.2468951284012
88.20654970576084
31.40711851722865
39.788530140283584
91.9953958720149
93.48400022374983
14.840433338835595
36.291772089462604
155.98418766899678
39.3158480534861
98.55462263226745
62.21686743139881
68.53701802287927
11.564495304471034
32.272809049468606
6.651513382639205
11.924404040988762