-1.562714469043024934e+01
-1.769615658544804404e+01
-1.566441513338136815e+01
-1.572353011850157500e+01
-1.584344802532909924e+01
-1.608047085692169631e+01
-1.592166637266964813e+01
-1.635754938318301299e+01
-1.629431145164717520e+01
-1.647176420321111578e+01
-1.626758926876351552e+01
-1.548204471136486227e+01
-1.567363572994412557e+01
-1.552094555709705048e+01
-1.552143085608037154e+01
-1.555348362069055845e+01
-1.276984478391566391e+01
-1.298274954144894622e+01
-1.314885282075854889e+01
-1.335079780519527581e+01
-1.356363063315892781e+01
-1.228602295946802592e+01
-1.072561777890786239e+01
-9.768661590482198065e+00
-8.740300364495459107e+00
-7.572910141997666322e+00
-6.296009735544154218e+00
-6.527373939171907224e+00
-6.587604343375689453e+00
-3.710494003806303898e+00
-2.899499053583664221e+00
-3.261557950510685533e+00
-2.423217471666382128e+00
-2.141092782738016620e+00
-1.958053702126176132e+00
-1.567916332059634543e+00
-1.906309466965085297e+00
-6.674415013676601172e-01
1.084046940650471996e-01
-1.533896866127832936e-01
8.001871300619928240e-02
1.941835362054394887e+00
1.952510181739329997e+00
1.468338004229195137e+00
1.319272911414494764e+00
8.812763503571802159e-01
1.152133213375191811e+00
8.224306298911110424e-01
2.510245415945415282e+00
2.875983488397601651e+00
3.395605978069228481e+00
4.934976724899247102e+00
5.985563178509059945e+00
6.930105137125160297e+00
7.231090925204962438e+00
8.160424185120112028e+00
8.505720839556735413e+00
9.044938108214180872e+00
9.698103275486035457e+00
1.035568764657807961e+01
1.125208572242039295e+01
1.167311528544907340e+01
1.145450438435727847e+01
1.223300558228005741e+01
1.254869838324300524e+01
1.382905286237378206e+01
1.412977009401074646e+01
1.437635676488328329e+01
1.542940464781718646e+01
1.593275923841718189e+01
1.629478255419439847e+01
1.658841663432935576e+01
1.761911283597914490e+01
1.876240770399450497e+01
1.928598870541020460e+01
1.989580157909614400e+01
2.049266493507366249e+01
2.148723122369536398e+01
2.194938000003303813e+01
2.219801076993094924e+01
2.267038823037336925e+01
2.419389702215165272e+01
2.486132438118835708e+01
2.501102509019010256e+01
2.518913756772996848e+01
2.532069822033349382e+01
2.487112078462506659e+01
2.458491197888437085e+01
2.409856507096341005e+01
2.436860492218871954e+01
2.458207608080392603e+01
2.474368464094215625e+01
2.430573895881028079e+01
2.385150829820596385e+01
2.407877819251139684e+01
2.420210226678404197e+01
2.423003319184173421e+01
2.520028378919701240e+01
2.542307653087088681e+01
2.535721555275662098e+01
2.556900139780794134e+01
2.551220648069016050e+01
2.571237952374251279e+01
2.563397223230716904e+01
2.520450554013663691e+01
2.477858396556053222e+01
2.437896315494034738e+01
2.398478127764215628e+01
2.380894149317084540e+01
2.362748578034485192e+01
2.325091550917936445e+01
2.288332311288191789e+01
2.269936079579960975e+01
2.251115565875242552e+01
2.217606465510309377e+01
2.181492484798041431e+01
2.146026663475653251e+01
2.110939007232286713e+01
2.077869151807070836e+01
2.044125535393671456e+01
2.031161758241296766e+01
2.018181659240916304e+01
2.048512300129113584e+01
2.015908670251700485e+01
1.985490532546693743e+01
1.981547837101367904e+01
2.032796023099606231e+01
2.171659698876182532e+01
2.167206859772669247e+01
2.154948561933040452e+01
2.123804357686976019e+01
2.215016684498249333e+01
2.186378164747105401e+01
2.155476256436682547e+01
2.144926561008652044e+01
2.142945321335993469e+01
2.114211446854948662e+01
2.084535898573119184e+01
2.055427888120273394e+01
2.049964776571276914e+01
2.055584447195215247e+01
2.077114805338094428e+01
2.097097109008786475e+01
2.068947370866968782e+01
2.070150684830871413e+01
2.111653301888311063e+01
2.086378198744094092e+01
2.077245002481800640e+01
2.057367581356479036e+01
2.049222916069225064e+01
